face 0.9999746084213257 122 468 204 579
face 0.9999740123748779 419 204 478 286
face 0.9999711513519287 471 333 543 425
face 0.9999659061431885 151 171 217 264
face 0.9999128580093384 596 243 673 343
face 0.9999037981033325 902 171 961 249
face 0.9998233914375305 705 234 765 317
face 0.9998059868812561 37 158 120 265
face 0.9997666478157043 294 238 360 319
face 0.9997009038925171 620 135 675 208
face 0.9996874332427979 318 368 396 477
face 0.9996283054351807 931 269 993 340
face 0.9995904564857483 779 230 837 309
face 0.9992638230323792 536 184 599 270
face 0.9989449381828308 468 144 519 209
face 0.9986531734466553 837 229 887 299
face 0.998610258102417 221 170 282 257
face 0.9984915256500244 328 163 382 235
face 0.9942003488540649 853 173 901 234
face 0.9409674406051636 761 170 781 197
face 0.8631849884986877 -1 150 32 197
face 0.8296180367469788 276 174 307 216
