face 0.9843093156814575 369 290 383 309
face 0.9841626882553101 457 289 472 309
face 0.9786489605903625 651 316 666 336
face 0.9785022735595703 430 371 447 394
face 0.9714663624763489 89 324 106 347
face 0.9710359573364258 369 369 386 391
face 0.9646211862564087 613 381 629 403
face 0.9634126424789429 538 253 550 268
face 0.9615822434425354 691 351 706 371
face 0.9607248306274414 115 300 129 320
face 0.9582220315933228 308 370 326 391
face 0.9535576701164246 500 313 515 333
face 0.9519360661506653 494 369 511 390
face 0.9502747058868408 315 304 332 325
face 0.9424299001693726 502 265 514 282
face 0.9384320974349976 727 383 743 403
face 0.9327565431594849 766 350 781 369
face 0.9227710366249084 252 266 265 284
face 0.9192562103271484 606 242 618 258
face 0.9153909683227539 769 292 783 311
face 0.9125961065292358 615 295 628 312
face 0.911340057849884 844 370 861 392
face 0.9085858464241028 623 346 640 367
face 0.9076699018478394 807 322 822 341
face 0.9054999947547913 705 231 716 245
face 0.9047552943229675 858 353 872 372
face 0.8925781846046448 727 311 740 329
face 0.889617383480072 833 201 846 219
face 0.8887342810630798 907 381 924 403
face 0.8886769413948059 399 244 412 261
face 0.8883463740348816 250 369 266 389
face 0.8830463886260986 152 378 167 398
face 0.8785924315452576 195 373 211 393
face 0.8771002888679504 576 270 588 286
face 0.8763904571533203 226 317 241 337
face 0.8739843964576721 405 309 420 329
face 0.8701211214065552 664 378 681 399
face 0.8653694987297058 140 275 153 292
face 0.861513078212738 834 297 847 315
face 0.8572105169296265 689 294 703 313
face 0.8526757955551147 421 269 435 287
face 0.8483401536941528 363 229 375 244
face 0.8411640524864197 539 347 555 366
face 0.8378523588180542 893 267 906 284
face 0.8374024629592896 555 376 572 397
face 0.836409866809845 444 233 457 250
face 0.8352633118629456 649 266 662 282
face 0.8339448571205139 666 209 679 225
face 0.8277748823165894 583 313 598 332
face 0.8212252259254456 286 287 301 306
face 0.7917457818984985 451 340 469 363
face 0.7806774377822876 802 253 814 268
face 0.7639204263687134 675 246 687 261
face 0.7549141049385071 340 265 353 283
face 0.7518051266670227 352 341 369 363
face 0.7441406846046448 912 289 926 307
face 0.7355538010597229 203 220 215 237
face 0.7150744795799255 503 233 515 248
face 0.6968975067138672 449 201 461 217
face 0.6961414813995361 256 343 272 363
face 0.6918783783912659 871 246 883 262
face 0.6874831318855286 715 271 726 287
face 0.6847774386405945 638 234 649 248
face 0.6771361827850342 285 231 297 246
face 0.673016369342804 311 248 324 264
face 0.670158326625824 577 129 594 150
face 0.6445425748825073 476 214 489 229
face 0.6240724921226501 245 183 256 198
