face 0.9825868010520935 254 376 273 399
face 0.9788888096809387 704 375 723 399
face 0.975881040096283 678 447 696 469
face 0.9716543555259705 598 340 617 364
face 0.9715889692306519 305 353 325 380
face 0.9642677903175354 655 347 673 372
face 0.9616497159004211 443 446 463 472
face 0.9579091668128967 548 445 569 471
face 0.9479479193687439 499 511 520 537
face 0.9392430782318115 398 511 418 537
face 0.9385512471199036 77 454 94 477
face 0.9303656816482544 31 510 50 534
face 0.9295392036437988 771 460 789 480
face 0.9249911904335022 754 401 772 425
face 0.9181193709373474 714 513 734 539
face 0.917733907699585 200 451 220 476
face 0.9107345342636108 186 387 204 409
face 0.9061790108680725 135 427 153 450
face 0.8903632164001465 885 461 903 485
face 0.8885633945465088 266 513 284 537
face 0.8882638812065125 386 338 403 363
face 0.8735723495483398 152 506 172 531
face 0.8556962609291077 942 520 962 545
face 0.8500417470932007 10 481 28 504
face 0.8295003771781921 812 434 829 456
face 0.8069888353347778 544 286 562 310
face 0.7629380226135254 491 222 509 246
face 0.7485495209693909 824 516 842 539
face 0.7435965538024902 501 393 520 418
face 0.6978785395622253 603 512 623 537
face 0.6544970870018005 438 284 459 312
face 0.6058773994445801 310 450 329 477
