face 0.9996939897537231 820 507 881 585
face 0.9993637204170227 320 461 369 521
face 0.9977455735206604 148 409 184 448
face 0.9975907802581787 93 586 173 679
face 0.9975478053092957 727 484 776 548
face 0.9970439076423645 855 327 876 353
face 0.9962993264198303 403 323 429 355
face 0.9947836995124817 30 431 63 474
face 0.9893338084220886 934 300 956 325
face 0.978882372379303 773 358 794 385
face 0.9777184128761292 959 344 992 380
face 0.9772675037384033 371 321 392 345
face 0.9768524169921875 902 378 923 407
face 0.9759864211082458 715 410 747 450
face 0.9735735654830933 744 315 763 337
face 0.9707715511322021 300 354 320 380
face 0.9633171558380127 981 460 1022 534
face 0.9621114134788513 450 399 483 441
face 0.9593774080276489 189 358 208 379
face 0.9558826088905334 928 402 972 456
face 0.9550871849060059 672 363 690 385
face 0.9483844041824341 747 354 768 383
face 0.940432071685791 820 319 840 343
face 0.9329931139945984 211 307 230 329
face 0.9306600689888 319 407 352 449
face 0.9272850155830383 613 493 655 553
face 0.9186064004898071 446 517 523 606
face 0.9123327732086182 23 297 36 314
face 0.9104499220848083 663 394 689 426
face 0.9020130634307861 632 313 653 337
face 0.8962793946266174 513 373 533 398
face 0.882165789604187 702 289 717 308
face 0.8794113397598267 629 367 652 394
face 0.8792772889137268 276 373 300 400
face 0.8769775629043579 934 271 948 288
face 0.8755648136138916 995 312 1011 334
face 0.8694642186164856 32 337 48 357
face 0.8574858903884888 134 385 160 413
face 0.8489993214607239 806 354 827 379
face 0.8434892892837524 82 372 102 395
face 0.8334911465644836 334 369 359 394
face 0.8301312923431396 479 309 497 330
face 0.8193358778953552 15 363 39 390
face 0.8191117644309998 537 361 559 387
face 0.817240834236145 781 417 821 470
face 0.8079932928085327 663 310 677 328
face 0.7950568795204163 857 378 886 411
face 0.7933737635612488 582 345 603 371
face 0.7480341792106628 318 320 336 341
face 0.7305399775505066 573 398 594 425
face 0.7146455645561218 465 346 484 369
face 0.7043073177337646 807 292 822 308
face 0.6995836496353149 428 306 443 325
face 0.6986520290374756 810 262 822 277
face 0.6849550008773804 349 344 371 367
face 0.6691761016845703 60 337 74 353
