face 0.9993744492530823 444 374 471 411
face 0.9986411929130554 712 389 740 422
face 0.9973771572113037 631 376 657 409
face 0.9957718253135681 282 385 307 420
face 0.9953044652938843 527 384 554 417
face 0.9945312142372131 310 313 335 343
face 0.9941768646240234 372 379 398 415
face 0.9941444993019104 673 317 697 347
face 0.9940811991691589 599 239 623 268
face 0.9936553239822388 532 221 557 252
face 0.9934679865837097 603 321 627 353
face 0.9933011531829834 538 298 560 331
face 0.9927886128425598 809 239 833 269
face 0.9921817779541016 390 306 415 337
face 0.9919073581695557 281 230 304 260
face 0.9903823733329773 351 237 376 266
face 0.9877943992614746 227 313 250 343
face 0.9855212569236755 473 231 496 261
face 0.9831055998802185 729 241 753 269
face 0.9821693301200867 464 304 487 333
face 0.9773459434509277 404 224 427 251
face 0.9760760068893433 212 234 237 263
face 0.974007785320282 784 314 809 342
face 0.9604358673095703 663 236 688 265
face 0.8618523478507996 703 267 727 293
face 0.857342541217804 309 264 334 289
