face 0.9987329840660095 166 246 198 283
face 0.9979320764541626 468 221 498 257
face 0.9844383597373962 0 217 28 264
face 0.9837497472763062 424 201 450 234
face 0.981903612613678 505 194 527 220
face 0.9780363440513611 314 223 340 254
face 0.9779546856880188 511 234 535 263
face 0.9762667417526245 583 179 602 204
face 0.9570873975753784 355 235 380 267
face 0.938408374786377 584 225 606 253
face 0.90635085105896 551 178 570 202
face 0.7346674799919128 566 136 582 156
face 0.6547979712486267 713 164 727 182
