face 0.9181041121482849 25 143 41 161
face 0.8701695203781128 585 93 599 106
face 0.8547394871711731 932 96 946 107
face 0.8544431924819946 805 94 819 105
face 0.8535711765289307 124 147 140 166
face 0.8487057089805603 480 208 496 223
face 0.8344677686691284 628 92 642 105
face 0.8288672566413879 601 138 617 156
face 0.778938889503479 957 39 972 53
face 0.7714852690696716 960 180 977 201
face 0.7583938241004944 537 195 551 212
face 0.741763710975647 272 155 287 169
face 0.735687255859375 874 119 890 136
face 0.7063913941383362 510 130 526 151
face 0.683058500289917 372 144 388 162
face 0.6541452407836914 600 186 615 204
face 0.6503006815910339 419 141 434 160
face 0.6444836258888245 850 93 865 105
face 0.6295418739318848 66 98 80 113
face 0.6282052397727966 460 146 475 165
face 0.6252879500389099 324 136 338 153
face 0.6026945114135742 975 130 992 146
