face 0.973945677280426 306 311 322 332
face 0.9654895663261414 434 310 449 331
face 0.9587239027023315 702 419 720 439
face 0.9501949548721313 613 321 628 341
face 0.9445832967758179 470 401 487 425
face 0.9396747350692749 280 420 295 440
face 0.9342707991600037 678 284 692 302
face 0.9154354333877563 216 291 231 311
face 0.9148849844932556 582 416 598 436
face 0.9025227427482605 509 254 524 273
face 0.9008523225784302 539 291 555 309
face 0.8960673809051514 806 282 822 301
face 0.8826674222946167 703 253 718 271
face 0.8763386607170105 667 321 681 340
face 0.8633428812026978 367 308 384 329
face 0.8580204844474792 319 259 333 278
face 0.8561041355133057 844 252 858 271
face 0.8358931541442871 255 254 269 272
face 0.8356679677963257 729 318 744 337
face 0.8075132966041565 333 410 351 432
face 0.7955678105354309 436 262 450 280
face 0.795512318611145 227 218 243 241
face 0.7775982618331909 405 411 422 432
face 0.7666865587234497 343 281 360 303
face 0.752693772315979 745 271 762 291
face 0.7497403621673584 403 291 420 311
face 0.7410365343093872 866 303 878 320
face 0.7232137322425842 524 416 539 435
face 0.7173706293106079 556 312 573 332
face 0.7054234743118286 785 318 804 340
face 0.661059558391571 759 418 777 439
face 0.639975905418396 284 293 300 314
face 0.6247346997261047 356 227 369 245
face 0.6166171431541443 292 225 306 243
