face 0.9968559741973877 916 140 954 187
face 0.9932113885879517 459 135 491 173
face 0.9929963946342468 173 106 200 137
face 0.9798693060874939 290 97 313 129
face 0.9714765548706055 598 130 619 161
face 0.9709784388542175 560 83 577 109
face 0.9667816758155823 842 124 870 161
face 0.9315136075019836 513 104 535 135
face 0.9293586015701294 414 111 437 143
face 0.8997682929039001 252 92 271 118
face 0.7965140342712402 290 139 311 168
face 0.7537541389465332 490 93 511 124
face 0.7409207820892334 249 81 267 104
face 0.6878619194030762 791 87 812 114
