face 0.9997429251670837 24 198 61 245
face 0.9996916055679321 174 281 216 330
face 0.9996570348739624 410 85 445 128
face 0.9995235204696655 490 121 524 165
face 0.999193012714386 4 128 34 161
face 0.9991920590400696 55 120 86 155
face 0.9989915490150452 940 207 980 251
face 0.9989479184150696 556 81 591 126
face 0.9987755417823792 859 153 890 188
face 0.998771607875824 894 320 934 370
face 0.9987020492553711 700 289 738 338
face 0.9984862804412842 292 285 336 339
face 0.9983615279197693 971 152 1000 188
face 0.9980167150497437 651 146 679 183
face 0.9977167844772339 249 144 277 176
face 0.9976629018783569 246 192 289 237
face 0.9973198771476746 810 199 846 244
face 0.9964305758476257 797 283 836 334
face 0.996080219745636 761 151 789 186
face 0.9946925044059753 342 118 373 155
face 0.9934399724006653 660 214 699 255
face 0.9914630055427551 103 134 128 165
face 0.9865824580192566 130 234 166 279
face 0.9567621350288391 906 177 931 206
face 0.8675193786621094 706 171 730 202
face 0.806769609451294 666 444 691 472
face 0.7074980735778809 171 114 192 141
face 0.6133400201797485 835 176 857 203
