face 0.9978603720664978 795 127 846 179
face 0.9956504702568054 609 201 648 251
face 0.9952633380889893 517 173 543 205
face 0.9942240118980408 741 174 794 239
face 0.99142986536026 452 222 481 252
face 0.9868273735046387 855 102 892 141
face 0.9825254678726196 420 274 461 326
face 0.9822302460670471 432 189 454 215
face 0.9815341234207153 588 168 615 200
face 0.9761234521865845 355 222 376 251
face 0.9696052670478821 385 220 407 248
face 0.9632987976074219 334 269 365 310
face 0.9590360522270203 672 161 706 196
face 0.900536060333252 284 255 306 289
face 0.8416574001312256 74 255 95 278
face 0.8384695649147034 241 256 260 287
face 0.8188745379447937 207 249 228 280
face 0.8095268607139587 314 215 334 241
face 0.7062925696372986 402 201 422 223
face 0.6433498859405518 573 159 591 184
