face 0.9999771118164062 896 361 971 463
face 0.9998430013656616 120 444 200 537
face 0.9998167157173157 103 183 145 239
face 0.999387264251709 746 153 777 194
face 0.9993541836738586 766 316 832 400
face 0.9991004467010498 730 238 771 290
face 0.9988610744476318 596 169 632 222
face 0.9988409876823425 526 221 560 266
face 0.9985900521278381 242 320 295 388
face 0.9981997013092041 176 197 220 262
face 0.9981516003608704 479 326 522 398
face 0.9970287680625916 18 291 55 344
face 0.9963609576225281 505 152 533 194
face 0.9952417612075806 594 280 640 341
face 0.9951897859573364 759 86 791 121
face 0.9935652613639832 348 125 376 158
face 0.9933918118476868 386 348 441 423
face 0.9924734830856323 764 554 879 694
face 0.9909424185752869 876 50 899 84
face 0.9906933903694153 279 174 312 220
face 0.98896324634552 931 5 951 35
face 0.9825637936592102 909 83 936 113
face 0.9810113906860352 674 131 707 184
face 0.9797973036766052 716 91 748 123
face 0.9723085761070251 942 188 986 236
face 0.9655769467353821 597 110 620 142
face 0.9649689197540283 31 380 60 428
face 0.9645460844039917 968 52 993 87
face 0.9627286195755005 571 57 592 84
face 0.9615574479103088 435 112 456 141
face 0.9595399498939514 636 76 660 107
face 0.9568496346473694 726 38 748 69
face 0.9531969428062439 828 154 864 197
face 0.948623776435852 667 634 709 698
face 0.9319301247596741 275 80 295 105
face 0.9282919764518738 450 67 468 93
face 0.9263742566108704 77 158 104 195
face 0.9158666133880615 175 131 204 172
face 0.9150550365447998 15 489 71 563
face 0.8970134854316711 671 78 695 108
face 0.8880075812339783 384 96 405 125
face 0.8541532158851624 32 169 56 197
face 0.8496012687683105 393 277 435 342
face 0.8291984796524048 383 184 422 227
face 0.7688173651695251 474 67 493 93
face 0.75738525390625 953 24 973 51
face 0.7482044696807861 547 123 575 166
face 0.7438015937805176 769 241 798 297
face 0.7380691766738892 852 28 872 55
face 0.7265338897705078 352 57 373 78
face 0.705990731716156 11 140 27 163
face 0.7033616304397583 489 663 545 741
face 0.7011841535568237 313 154 339 187
face 0.6901434659957886 0 220 18 257
face 0.667553722858429 703 18 722 44
face 0.6630066633224487 241 162 268 203
face 0.6604581475257874 371 240 406 294
face 0.6480881571769714 442 39 459 60
face 0.6470662951469421 612 3 631 24
face 0.637624204158783 136 73 150 95
