face 0.9997861981391907 8 35 42 78
face 0.9997288584709167 170 4 217 64
face 0.9995410442352295 54 41 87 84
face 0.9993298053741455 341 123 386 181
face 0.9988994598388672 137 146 188 208
face 0.9988241791725159 88 16 124 64
face 0.9987229704856873 631 117 686 191
face 0.9986683130264282 368 22 416 84
face 0.9984051585197449 497 137 542 202
face 0.9973680377006531 137 44 185 105
face 0.9972147345542908 307 17 350 78
face 0.9970985651016235 572 137 625 204
face 0.8849053382873535 224 11 256 62
face 0.7037879824638367 407 127 449 185
