face 0.9976498484611511 136 312 158 340
face 0.9904420971870422 511 426 528 448
face 0.9902944564819336 572 423 590 445
face 0.9840856790542603 632 426 653 451
face 0.9802022576332092 251 383 271 409
face 0.979572594165802 837 325 856 348
face 0.977738618850708 448 415 468 439
face 0.9613885283470154 329 386 348 409
face 0.96112060546875 713 372 736 397
face 0.9543681740760803 189 312 213 338
face 0.9430294632911682 213 342 231 364
face 0.9397631883621216 639 308 657 331
face 0.9081991910934448 897 337 917 360
face 0.8199350833892822 797 401 816 424
face 0.8008591532707214 661 334 678 356
face 0.7885417938232422 524 318 539 335
face 0.7883992195129395 571 308 587 327
face 0.7746524810791016 706 330 724 353
face 0.771549642086029 77 300 99 325
face 0.7067855000495911 682 299 706 325
face 0.6840426921844482 756 389 777 415
face 0.6716178059577942 786 349 805 371
face 0.6649987697601318 565 338 580 357
face 0.6325226426124573 282 378 299 403
face 0.6305462121963501 178 390 203 417
face 0.6237569451332092 332 321 346 340
