face 0.9970781803131104 878 450 909 495
face 0.9879252910614014 561 465 589 500
face 0.9862645268440247 695 481 724 526
face 0.9605786204338074 386 480 407 512
face 0.95635986328125 315 480 334 507
face 0.9426645636558533 15 500 35 525
face 0.9344655275344849 463 483 487 522
face 0.8812559247016907 90 502 107 526
face 0.8497475981712341 175 259 186 272
face 0.8309019207954407 654 397 666 412
face 0.8209437727928162 223 480 244 508
face 0.7902393937110901 118 212 129 226
face 0.7619483470916748 86 211 100 227
face 0.7561541795730591 127 461 140 477
face 0.7443716526031494 566 376 579 393
face 0.7131466269493103 783 223 795 237
face 0.7004711031913757 318 9 335 27
face 0.6337956786155701 256 314 268 328
