face 0.9981518387794495 188 362 224 405
face 0.9013059139251709 564 370 577 385
face 0.88849937915802 502 382 515 400
face 0.881676971912384 463 340 475 357
face 0.8772146701812744 527 362 540 379
face 0.8744773268699646 653 301 665 315
face 0.8386563062667847 780 382 796 403
face 0.8362281918525696 604 405 619 425
face 0.8338010311126709 432 361 446 377
face 0.8232385516166687 704 301 715 317
face 0.8213862180709839 854 349 866 365
face 0.8207789659500122 804 360 819 379
face 0.8081516027450562 768 343 782 360
face 0.7956572771072388 386 338 398 355
face 0.7926298975944519 757 270 769 284
face 0.7467426061630249 661 410 678 430
face 0.7311485409736633 715 401 733 421
face 0.7277724742889404 759 391 776 413
face 0.7033222913742065 744 370 758 387
face 0.678389847278595 674 393 687 409
face 0.6622936725616455 469 369 482 386
face 0.6490219235420227 867 382 879 400
face 0.6440618634223938 655 367 670 382
face 0.6418326497077942 511 344 522 360
face 0.6152920722961426 814 273 827 287
