face 0.9660506248474121 613 285 623 299
face 0.9468255043029785 485 355 497 372
face 0.9254181385040283 170 355 182 372
face 0.9025521874427795 588 330 600 347
face 0.8954472541809082 124 353 137 371
face 0.8935438990592957 218 391 232 412
face 0.8849706649780273 565 308 575 323
face 0.8835593461990356 880 388 894 408
face 0.8807426691055298 653 386 668 408
face 0.8735467195510864 923 339 936 358
face 0.8729779124259949 788 392 802 411
face 0.8672261834144592 698 390 712 409
face 0.8621973991394043 263 393 277 410
face 0.8594636917114258 537 286 547 298
face 0.8571798205375671 575 285 586 297
face 0.8326978087425232 309 389 321 406
face 0.818331241607666 744 389 758 408
face 0.8164792060852051 540 436 556 458
face 0.8108211159706116 501 328 513 343
face 0.8066108226776123 207 324 218 341
face 0.8025418519973755 409 388 423 406
face 0.7964196801185608 795 358 807 377
face 0.7946773767471313 680 307 691 322
face 0.7922044992446899 170 395 183 413
face 0.7917673587799072 932 366 945 383
face 0.7840408086776733 31 391 46 413
face 0.7717055678367615 330 328 340 342
face 0.7686017751693726 409 452 423 472
face 0.7620337605476379 346 233 355 246
face 0.761399507522583 166 301 177 318
face 0.75713050365448 753 359 767 379
face 0.7510743141174316 294 248 304 260
face 0.7498841881752014 463 285 473 297
face 0.7456983327865601 473 376 486 395
face 0.7418630123138428 650 289 660 302
face 0.7308783531188965 440 359 451 375
face 0.7291654944419861 328 246 337 258
face 0.7180712819099426 630 270 640 283
face 0.7180562019348145 717 330 728 346
face 0.7156925797462463 80 362 93 383
face 0.7104417085647583 397 247 406 259
face 0.7104283571243286 662 358 675 377
face 0.7030119299888611 552 390 566 408
face 0.6995012760162354 601 389 615 408
face 0.6979454755783081 719 308 730 323
face 0.6973227262496948 641 307 652 322
face 0.6908650398254395 527 356 539 372
face 0.6863973140716553 369 330 380 345
face 0.6799286603927612 795 330 807 347
face 0.6789214015007019 456 391 468 409
face 0.6760319471359253 840 389 854 410
face 0.6689751744270325 882 330 894 349
face 0.6640332341194153 425 286 435 297
face 0.660656213760376 440 303 451 315
face 0.6574309468269348 393 358 405 375
face 0.6516400575637817 127 398 140 415
face 0.6343148946762085 605 308 615 323
face 0.6257662177085876 387 283 396 296
face 0.620378315448761 206 311 217 329
face 0.6162192225456238 703 248 713 261
