face 0.9974181652069092 248 166 276 207
face 0.9969837069511414 571 236 612 291
face 0.9849690198898315 492 108 512 134
face 0.9833436608314514 509 140 532 172
face 0.980628490447998 841 95 863 122
face 0.9724512100219727 852 180 881 214
face 0.9637475609779358 375 107 397 135
face 0.9497239589691162 559 46 576 69
face 0.9474711418151855 560 126 586 162
face 0.9442000985145569 649 105 667 129
face 0.9434862732887268 441 103 461 130
face 0.9426036477088928 748 125 770 153
face 0.9396038055419922 777 99 799 128
face 0.9395248889923096 253 92 272 117
face 0.9293122291564941 525 94 543 118
face 0.9246267676353455 228 83 247 108
face 0.922443687915802 283 92 300 117
face 0.9186630249023438 115 83 136 111
face 0.8812999725341797 329 119 351 147
face 0.8596031069755554 304 76 321 99
face 0.8526077270507812 171 80 190 105
face 0.850601851940155 406 63 421 83
face 0.8123550415039062 907 99 923 119
face 0.8117308616638184 486 67 504 91
face 0.8046042919158936 872 99 891 124
face 0.7834616303443909 113 25 126 43
face 0.7745733857154846 252 48 268 68
face 0.7587640285491943 651 39 665 58
face 0.7496081590652466 929 84 944 106
face 0.7443046569824219 588 77 605 99
face 0.706909716129303 807 75 825 100
face 0.700505793094635 609 47 623 65
face 0.6899712085723877 675 179 698 209
face 0.6754361987113953 203 38 216 55
face 0.6708099842071533 244 238 290 291
face 0.6688283085823059 507 47 521 65
face 0.665142834186554 372 81 389 104
face 0.6432672142982483 321 146 344 177
face 0.6423396468162537 444 69 460 90
face 0.6313605308532715 100 117 120 147
