face 0.9925910234451294 215 431 238 459
face 0.9734742641448975 307 356 328 383
face 0.9665084481239319 387 354 411 380
face 0.9622282981872559 304 434 327 461
face 0.9459272027015686 838 100 859 126
face 0.9369039535522461 572 69 591 95
face 0.9278325438499451 455 78 477 104
face 0.9201483726501465 419 492 440 520
face 0.916562557220459 11 632 35 659
face 0.9125558733940125 266 488 289 517
face 0.9085832834243774 441 427 461 450
face 0.8985658288002014 721 343 742 370
face 0.8898924589157104 114 128 135 153
face 0.8858771324157715 974 263 1001 292
face 0.8467538952827454 64 360 84 385
face 0.8388239145278931 561 581 581 606
face 0.8387858867645264 748 274 767 298
face 0.823774516582489 249 105 266 126
face 0.8169264793395996 190 305 209 325
face 0.8071598410606384 672 92 691 116
face 0.7991718649864197 199 364 219 387
face 0.7952633500099182 468 355 488 377
face 0.7654046416282654 33 432 56 460
face 0.7583262324333191 321 296 341 320
face 0.7036653161048889 15 172 41 207
face 0.6138391494750977 347 114 364 137
face 0.6040677428245544 5 142 24 164
