face 0.9930087327957153 956 629 981 659
face 0.992308497428894 50 593 71 620
face 0.9870945811271667 5 609 26 637
face 0.9819663763046265 932 576 952 602
face 0.9784521460533142 539 376 552 394
face 0.9764977693557739 880 576 900 602
face 0.975920557975769 99 565 117 589
face 0.9715651273727417 162 512 178 534
face 0.9674500823020935 391 595 410 618
face 0.9637896418571472 979 599 999 624
face 0.9628186821937561 651 456 669 479
face 0.9605146050453186 368 498 385 522
face 0.9587008953094482 162 554 182 578
face 0.9583147168159485 210 607 228 629
face 0.9540260434150696 732 414 747 435
face 0.9492168426513672 357 532 374 555
face 0.9473371505737305 607 552 625 575
face 0.9436513185501099 839 611 858 638
face 0.9430688619613647 727 501 744 522
face 0.9365079402923584 356 631 378 658
face 0.9359062314033508 550 577 569 597
face 0.9353644251823425 302 603 319 626
face 0.9353514909744263 227 482 242 504
face 0.9336704611778259 469 500 486 521
face 0.9335984587669373 716 538 737 565
face 0.9295004606246948 746 574 765 598
face 0.9242618680000305 841 475 858 498
face 0.918200671672821 693 482 712 506
face 0.9176108241081238 232 548 251 571
face 0.9131030440330505 868 540 888 564
face 0.9009981155395508 513 565 530 587
face 0.9002069234848022 876 646 899 675
face 0.8999266028404236 690 659 712 686
face 0.8985528349876404 533 609 550 631
face 0.8936023712158203 629 370 641 386
face 0.8918413519859314 535 466 552 487
face 0.8858643174171448 951 475 968 496
face 0.8839608430862427 754 614 774 642
face 0.8804197907447815 600 657 621 682
face 0.8788690567016602 743 362 755 381
face 0.8759393095970154 779 501 794 522
face 0.873601496219635 321 547 339 569
face 0.8719785213470459 423 490 439 512
face 0.8711763620376587 308 500 327 523
face 0.8702802062034607 575 497 590 518
face 0.8625005483627319 718 358 731 376
face 0.8587732911109924 793 540 813 565
face 0.85853111743927 379 408 396 428
face 0.8555952310562134 768 442 782 462
face 0.8484769463539124 357 454 373 476
face 0.8400679230690002 584 625 603 647
face 0.8380657434463501 630 494 647 516
face 0.8237075209617615 424 448 441 468
face 0.8214897513389587 475 560 491 581
face 0.8198500275611877 933 447 946 464
face 0.8150023221969604 87 510 104 532
face 0.7958307266235352 654 345 665 360
face 0.7932845950126648 819 367 832 387
face 0.7922179102897644 119 616 139 641
face 0.790461003780365 179 654 198 677
face 0.7860171794891357 806 396 820 417
face 0.7817844152450562 463 412 478 431
face 0.7811535000801086 544 540 560 560
face 0.7798172235488892 401 522 418 544
face 0.7792613506317139 919 545 939 569
face 0.7717527151107788 501 433 517 453
face 0.7704859972000122 680 417 695 436
face 0.7677935361862183 169 486 186 508
face 0.758054256439209 433 532 449 553
face 0.7506925463676453 396 501 413 523
face 0.7485883831977844 881 441 900 464
face 0.7453685402870178 708 339 720 355
face 0.7401646971702576 441 472 457 492
face 0.7285951375961304 295 455 313 478
face 0.7274767160415649 273 563 291 586
face 0.7265899181365967 688 328 700 343
face 0.7214579582214355 183 447 199 468
face 0.7054424285888672 492 544 507 566
face 0.7044383883476257 561 371 573 388
face 0.6768632531166077 627 329 638 344
face 0.6683135628700256 885 479 903 502
face 0.6672608256340027 434 291 447 308
face 0.6656297445297241 156 412 170 431
face 0.655466616153717 131 476 144 493
face 0.6330132484436035 725 473 741 493
face 0.6227392554283142 588 445 601 463
face 0.6182848811149597 447 366 461 384
