face 0.9996750354766846 409 297 444 341
face 0.9992658495903015 283 310 318 358
face 0.9991902709007263 143 305 180 351
face 0.9990567564964294 200 369 240 414
face 0.9990461468696594 472 368 511 417
face 0.9982959628105164 729 323 763 365
face 0.9976927042007446 683 258 716 300
face 0.9976415634155273 449 238 483 277
face 0.9971209168434143 344 389 377 435
face 0.9967167973518372 327 214 360 255
face 0.9966084957122803 514 306 546 347
face 0.9965259432792664 735 399 777 450
face 0.9944990277290344 619 316 657 360
face 0.9944862723350525 612 376 650 422
face 0.990786612033844 841 329 872 369
