face 0.9729889631271362 163 459 181 482
face 0.9701224565505981 562 462 578 482
face 0.8698850870132446 689 411 702 429
face 0.8524325489997864 394 463 409 485
face 0.848280131816864 533 416 545 431
face 0.7887341976165771 611 365 625 383
face 0.7483303546905518 369 403 384 423
face 0.7448945641517639 282 464 299 487
face 0.6852092146873474 227 463 242 482
face 0.683209240436554 499 466 514 487
face 0.6402087807655334 207 405 221 423
face 0.6335926055908203 747 414 759 430
face 0.6234561800956726 420 404 434 425
face 0.6132414937019348 678 463 693 482
face 0.6109234094619751 52 366 65 386
