face 0.9999904632568359 332 402 397 485
face 0.9999183416366577 636 532 711 629
face 0.9997865557670593 89 515 156 586
face 0.9987615346908569 193 351 245 417
face 0.997928261756897 16 406 78 475
face 0.9963878393173218 497 267 522 304
face 0.9957574009895325 728 300 763 346
face 0.9953371286392212 567 263 594 297
face 0.9944676160812378 627 247 653 285
face 0.9911763668060303 101 281 129 314
face 0.9880121946334839 662 265 692 303
face 0.9866178631782532 674 418 711 467
face 0.9791221022605896 351 276 371 300
face 0.9777960181236267 252 274 274 301
face 0.9765959978103638 542 240 565 271
face 0.9708563089370728 726 384 760 429
face 0.9596648216247559 47 290 70 319
face 0.9581248164176941 759 262 784 300
face 0.9578213691711426 314 269 331 291
face 0.9570814371109009 423 239 443 266
face 0.9405575394630432 551 491 606 557
face 0.9380123615264893 282 293 308 325
face 0.91971355676651 796 281 845 338
face 0.8884682655334473 102 392 139 433
face 0.7242188453674316 189 266 213 294
face 0.7198105454444885 921 265 950 306
face 0.7031976580619812 740 252 760 281
face 0.68455570936203 356 250 371 268
face 0.649596631526947 509 240 529 263
face 0.6324988603591919 66 320 90 352
face 0.6224775910377502 479 264 499 296
