face 0.9865380525588989 575 193 609 233
face 0.9807939529418945 704 202 733 239
face 0.9406092166900635 362 183 390 216
face 0.9387779235839844 306 184 339 217
face 0.9366804957389832 16 186 42 220
face 0.8248627781867981 647 186 673 218
face 0.8204494118690491 837 232 862 264
face 0.8085547685623169 37 206 66 242
face 0.8083142042160034 433 185 460 223
face 0.7828384041786194 862 208 887 239
face 0.7317150831222534 919 269 953 314
face 0.6680801510810852 485 197 506 223
face 0.603746235370636 912 211 942 250
