face 0.9900054335594177 747 325 767 350
face 0.9874415397644043 242 308 262 332
face 0.9717676043510437 335 306 357 330
face 0.9558724761009216 514 316 536 343
face 0.9535319805145264 384 317 403 340
face 0.8640428185462952 95 315 114 336
face 0.8450393080711365 844 315 870 343
face 0.8185282945632935 81 293 101 314
face 0.7544469833374023 17 298 39 320
face 0.7512690424919128 659 326 678 345
face 0.7146511077880859 822 317 847 346
face 0.7105110883712769 380 240 395 255
face 0.6882473230361938 253 293 272 314
face 0.6379085183143616 329 238 345 255
