face 0.9980997443199158 948 332 986 376
face 0.9965896606445312 555 320 589 360
face 0.9922212958335876 749 311 783 349
face 0.9915016889572144 814 325 846 365
face 0.9818331003189087 499 312 529 354
face 0.9752012491226196 305 331 336 370
face 0.9671630263328552 255 318 284 355
face 0.9607440829277039 34 287 49 306
face 0.9382790923118591 696 301 730 340
face 0.9240859150886536 153 300 183 337
face 0.9009982347488403 428 303 456 333
face 0.88321453332901 469 308 497 340
face 0.8751997947692871 222 313 250 351
face 0.7748873829841614 13 313 28 330
face 0.7322348356246948 186 305 216 342
face 0.7138651609420776 823 291 849 313
face 0.677606463432312 382 293 409 325
face 0.6674203276634216 168 303 199 339
