face 0.9999172687530518 241 307 304 388
face 0.9997400641441345 409 325 517 443
face 0.9989377856254578 919 437 1018 547
face 0.9987284541130066 222 269 255 313
face 0.9956901669502258 420 236 459 289
face 0.9937718510627747 612 233 659 293
face 0.9937506318092346 796 304 830 351
face 0.993395984172821 292 267 324 315
face 0.992553174495697 380 252 403 285
face 0.9910257458686829 132 209 157 243
face 0.990916907787323 715 243 739 275
face 0.9867115020751953 3 240 32 276
face 0.9785691499710083 553 225 576 252
face 0.9641774296760559 835 265 866 301
face 0.9247767329216003 327 232 353 270
face 0.9181007146835327 218 225 241 252
face 0.916347086429596 195 197 213 220
face 0.8768457770347595 536 210 552 231
face 0.791714072227478 261 210 280 233
face 0.7250232696533203 689 259 713 293
