face 0.99964439868927 283 294 318 336
face 0.9992606043815613 980 151 1008 184
face 0.9991390705108643 21 320 58 359
face 0.99904865026474 808 298 844 334
face 0.9990401864051819 258 263 289 298
face 0.9989410042762756 772 188 799 220
face 0.998860239982605 250 465 289 512
face 0.9988253712654114 137 314 171 349
face 0.9986677169799805 274 363 312 413
face 0.9985023736953735 382 186 412 224
face 0.9984123706817627 629 469 672 516
face 0.9981503486633301 145 504 190 554
face 0.9980363249778748 169 387 203 424
face 0.9979477524757385 863 134 888 164
face 0.9977560639381409 310 206 342 241
face 0.997407853603363 392 347 431 389
face 0.9971791505813599 266 199 298 232
face 0.9970664381980896 911 227 944 267
face 0.9970346689224243 699 337 731 375
face 0.9967212080955505 841 237 877 269
face 0.9965711832046509 353 437 399 491
face 0.9963782429695129 911 150 939 180
face 0.9960654377937317 756 276 792 312
face 0.9958677291870117 364 135 395 169
face 0.9957895874977112 152 344 186 379
face 0.9957374334335327 338 167 364 194
face 0.9957231283187866 980 439 1010 472
face 0.9956294298171997 715 173 741 203
face 0.9956114888191223 270 96 296 126
face 0.9955264925956726 968 91 996 122
face 0.9954589605331421 225 311 254 348
face 0.9952907562255859 943 208 972 237
face 0.9952579140663147 754 337 787 372
face 0.9948368072509766 250 403 289 447
face 0.9947525262832642 619 111 646 142
face 0.9946770668029785 918 380 946 421
face 0.9946198463439941 809 142 835 171
face 0.9946087598800659 883 174 915 205
face 0.994419276714325 840 77 865 103
face 0.9942691326141357 264 140 291 169
face 0.9932113885879517 569 303 598 344
face 0.9926162362098694 368 383 399 422
face 0.9916325211524963 289 471 325 512
face 0.9899373054504395 984 242 1016 276
face 0.9898109436035156 52 304 83 342
face 0.989664614200592 106 426 149 470
face 0.9891830086708069 71 470 109 514
face 0.9888035655021667 167 290 200 332
face 0.9884147644042969 768 115 791 139
face 0.9883546829223633 180 122 204 151
face 0.988203227519989 993 78 1019 108
face 0.9881789684295654 765 496 805 547
face 0.9875701069831848 522 260 552 288
face 0.9871178269386292 673 438 710 477
face 0.9869088530540466 775 88 799 113
face 0.9849373698234558 1001 373 1025 410
face 0.9846054315567017 411 423 446 472
face 0.9834127426147461 696 202 724 228
face 0.9833245277404785 512 412 553 462
face 0.9831748604774475 693 487 741 534
face 0.9827934503555298 354 77 376 102
face 0.9820134043693542 479 40 498 63
face 0.981320321559906 459 327 497 370
face 0.980232834815979 935 73 959 102
face 0.9796242713928223 870 400 908 448
face 0.9795517921447754 878 101 903 129
face 0.9727569818496704 158 5 176 27
face 0.9723993539810181 726 86 750 113
face 0.9695166349411011 856 290 889 331
face 0.9691953659057617 86 189 110 218
face 0.9688745737075806 841 158 867 184
face 0.9666555523872375 185 15 203 37
face 0.9646710753440857 668 137 699 168
face 0.9599772095680237 322 44 339 63
face 0.9599004983901978 697 244 725 272
face 0.9591975212097168 994 481 1022 517
face 0.9587302803993225 799 119 822 145
face 0.955762505531311 827 57 847 80
face 0.9531881809234619 416 98 437 125
face 0.9529070854187012 52 52 74 78
face 0.9496403336524963 966 189 993 217
face 0.9482709765434265 120 34 138 56
face 0.9450749158859253 206 261 236 294
face 0.9425499439239502 553 394 587 431
face 0.9420559406280518 347 52 366 71
face 0.9415907859802246 791 66 813 90
face 0.941288411617279 148 103 173 134
face 0.9392176270484924 88 374 125 421
face 0.9362500905990601 407 55 425 75
face 0.9338103532791138 955 510 993 548
face 0.9326407313346863 873 67 896 91
face 0.9313991069793701 575 61 596 86
face 0.9307354688644409 46 433 81 472
face 0.9291878938674927 383 4 401 24
face 0.925784170627594 334 282 366 314
face 0.9254888892173767 757 238 785 264
face 0.9218733906745911 729 7 746 26
face 0.9165264368057251 818 181 839 211
face 0.905511200428009 927 290 959 327
face 0.9026464819908142 306 12 322 32
face 0.8992844223976135 787 372 831 422
face 0.8961417078971863 423 52 440 73
face 0.8932458162307739 369 107 394 132
face 0.8928585648536682 57 222 84 252
face 0.8841217160224915 312 542 364 575
face 0.8822604417800903 700 29 717 53
face 0.8820605874061584 122 7 139 25
face 0.8583518862724304 198 102 219 125
face 0.8574649691581726 500 94 525 122
face 0.85711669921875 287 16 304 36
face 0.8562755584716797 634 292 663 328
face 0.8552992343902588 614 74 636 100
face 0.8550279140472412 49 256 82 292
face 0.853574812412262 370 44 385 62
face 0.8535054922103882 758 29 776 51
face 0.8534269332885742 849 205 873 232
face 0.8527802228927612 252 162 278 192
face 0.8525237441062927 116 55 136 79
face 0.8489450812339783 21 81 44 111
face 0.8447551727294922 188 441 218 479
face 0.841702401638031 695 295 725 326
face 0.8314147591590881 140 134 158 159
face 0.8282695412635803 924 121 950 148
face 0.7997298836708069 547 94 569 118
face 0.7744988799095154 794 270 826 298
face 0.738623857498169 795 18 813 42
face 0.7313094139099121 143 43 162 66
face 0.7275218963623047 659 55 677 76
face 0.704680860042572 208 231 229 254
face 0.7006179094314575 853 52 870 72
face 0.6856355667114258 243 7 257 24
face 0.669414222240448 770 51 788 70
face 0.6613397002220154 188 63 207 87
face 0.6518077254295349 231 83 250 103
face 0.6468892097473145 125 387 158 426
face 0.6409623622894287 260 76 282 97
face 0.6351491808891296 395 80 417 104
face 0.6346732974052429 641 27 660 47
face 0.6242294907569885 877 273 904 300
face 0.604744553565979 746 167 768 190
