face 0.9967299699783325 625 717 657 758
face 0.9733870625495911 714 700 738 734
face 0.9673561453819275 670 706 694 737
face 0.9440810084342957 526 713 555 748
face 0.9380333423614502 996 721 1024 763
face 0.9096822142601013 512 688 531 714
face 0.9071669578552246 101 682 117 703
face 0.9029635190963745 833 667 857 700
face 0.8990141749382019 404 722 421 744
face 0.8549326062202454 399 659 414 679
face 0.8425447344779968 82 732 106 761
face 0.8193879127502441 800 730 823 762
face 0.8091816902160645 862 721 891 756
face 0.780982494354248 593 690 613 718
face 0.7097483277320862 342 641 354 657
face 0.6985217928886414 448 683 463 703
face 0.696282148361206 761 745 788 773
face 0.6289164423942566 244 638 256 653
