face 0.9973689317703247 667 201 704 251
face 0.994281530380249 826 236 886 310
face 0.9914698004722595 47 130 86 181
face 0.988055408000946 358 125 383 158
face 0.9786713123321533 95 90 119 116
face 0.9776477813720703 516 84 535 110
face 0.9771283864974976 941 238 995 303
face 0.9719738960266113 522 530 607 611
face 0.9675641655921936 268 118 294 149
face 0.965448796749115 710 266 767 328
face 0.9492210149765015 774 203 807 237
face 0.946174681186676 399 155 429 189
face 0.939434289932251 584 272 626 320
face 0.9362829327583313 702 360 750 421
face 0.9156614542007446 135 79 156 104
face 0.9143925309181213 376 79 402 114
face 0.9080591797828674 232 93 252 117
face 0.9030998945236206 473 106 491 131
face 0.8965609669685364 498 147 522 174
face 0.8832864761352539 326 146 348 178
face 0.8781070709228516 410 44 424 61
face 0.8516207337379456 678 96 699 120
face 0.8495997190475464 130 177 201 242
face 0.8295294046401978 92 464 174 560
face 0.8169615864753723 100 137 130 172
face 0.7666614651679993 585 132 610 166
face 0.7608144283294678 683 253 724 306
face 0.7387343645095825 421 100 442 126
face 0.7304137349128723 229 199 258 234
face 0.7178057432174683 171 223 205 266
face 0.6672524213790894 562 63 577 80
face 0.6551429033279419 665 100 680 119
face 0.6190021634101868 712 83 727 101
face 0.6068463325500488 574 45 588 62
