face 0.999360978603363 158 209 190 254
face 0.9976467490196228 940 246 998 328
face 0.995425283908844 770 214 809 260
face 0.9870644807815552 714 169 738 204
face 0.9763111472129822 658 160 679 188
face 0.9608945250511169 73 219 111 278
face 0.9419546127319336 31 261 79 336
face 0.9279355406761169 280 177 302 208
face 0.9137774109840393 833 89 858 121
face 0.8445492386817932 360 152 377 173
face 0.810198962688446 838 213 871 260
face 0.7615090608596802 294 166 316 192
face 0.731277585029602 961 164 978 182
