face 0.9274234175682068 219 315 238 337
face 0.9144838452339172 274 310 293 329
face 0.8666315078735352 653 280 670 303
face 0.8599905371665955 417 305 436 326
face 0.8596869111061096 193 185 206 198
face 0.8329774737358093 589 300 603 319
face 0.8272043466567993 734 249 750 270
face 0.8125467896461487 959 237 973 251
face 0.8116665482521057 805 322 822 342
face 0.6724181175231934 272 167 285 180
face 0.6700326204299927 559 296 575 316
face 0.667479932308197 156 253 172 270
face 0.6272651553153992 932 276 952 295
face 0.6145679950714111 1009 243 1021 260
