face 0.9995129108428955 120 246 153 285
face 0.9950600266456604 571 211 592 237
face 0.9923283457756042 337 228 364 258
face 0.9921979308128357 187 210 210 241
face 0.9912153482437134 213 268 240 300
face 0.9908304214477539 689 246 727 290
face 0.9908108711242676 796 89 837 149
face 0.9869165420532227 494 211 521 242
face 0.9860580563545227 410 219 436 249
face 0.97055983543396 12 234 41 266
face 0.9697693586349487 283 211 304 238
face 0.9012159109115601 654 202 676 232
face 0.877206563949585 166 77 184 102
face 0.6895495653152466 641 282 673 331
