face 0.9761141538619995 403 437 426 467
face 0.9718076586723328 740 394 759 417
face 0.9619752764701843 598 440 620 467
face 0.9535582065582275 474 391 489 413
face 0.949961245059967 567 472 586 498
face 0.9393866062164307 597 406 611 423
face 0.9281352758407593 15 600 63 657
face 0.9105075597763062 410 360 422 375
face 0.8892117738723755 450 437 467 459
face 0.8884149193763733 709 413 726 434
face 0.8492628335952759 628 396 641 414
face 0.8262379765510559 422 388 435 404
face 0.8212091326713562 196 373 208 389
face 0.7982648611068726 347 417 364 437
face 0.7931265830993652 498 419 517 444
face 0.7347080707550049 271 348 283 362
face 0.7165666818618774 564 373 576 388
face 0.7064265608787537 323 374 335 389
face 0.7043854594230652 790 351 802 365
face 0.6891372203826904 284 371 294 385
face 0.6709858179092407 297 424 313 445
face 0.628611147403717 525 418 540 438
face 0.6238783001899719 395 387 408 404
face 0.6083270311355591 252 383 264 399
