face 0.9998893737792969 886 245 938 294
face 0.9998090863227844 748 321 811 386
face 0.999470055103302 959 182 1006 219
face 0.9993368983268738 120 213 147 237
face 0.9992627501487732 822 151 851 181
face 0.9990707635879517 437 295 492 358
face 0.9984549283981323 679 258 723 306
face 0.9981803894042969 2 301 45 334
face 0.9959608912467957 885 162 925 196
face 0.9957196116447449 789 185 831 227
face 0.9933839440345764 20 195 52 221
face 0.9923698902130127 943 112 963 132
face 0.9911360740661621 375 183 400 213
face 0.9907634854316711 913 120 935 141
face 0.9906501770019531 544 158 564 184
face 0.9903501272201538 416 238 456 284
face 0.9900887608528137 617 139 639 163
face 0.9895833730697632 667 148 690 176
face 0.9860935211181641 716 165 743 195
face 0.9848636984825134 580 178 603 207
face 0.9847903847694397 712 129 733 154
face 0.9788306355476379 621 190 656 230
face 0.9720817804336548 768 133 791 162
face 0.9652721881866455 43 174 70 196
face 0.9608193039894104 801 121 822 143
face 0.9598619341850281 328 131 345 149
face 0.9459053874015808 527 140 545 160
face 0.9446010589599609 877 108 893 124
face 0.9264655113220215 408 202 437 235
face 0.9188382029533386 943 148 967 170
face 0.9115645289421082 355 168 378 193
face 0.8981198072433472 683 123 701 144
face 0.8963243365287781 506 131 525 150
face 0.8920121192932129 858 128 878 149
face 0.8819559216499329 899 100 912 113
face 0.881142258644104 375 128 391 143
face 0.8802237510681152 477 129 494 147
face 0.8178271055221558 922 101 936 115
face 0.7345706820487976 394 144 413 166
face 0.7250639796257019 998 104 1011 117
face 0.6403290033340454 654 122 674 142
