face 0.9986749291419983 758 432 794 484
face 0.9986521601676941 324 427 359 470
face 0.9982119798660278 196 570 244 636
face 0.9971615076065063 671 409 696 444
face 0.9967353940010071 2 464 34 509
face 0.9952486157417297 86 498 126 551
face 0.9913841485977173 609 413 629 445
face 0.9899292588233948 446 411 467 445
face 0.9890949130058289 560 399 584 430
face 0.9800843000411987 833 436 869 491
face 0.9772328734397888 201 419 225 449
face 0.961348831653595 702 411 720 437
face 0.9317912459373474 527 413 549 446
face 0.9289779663085938 242 407 263 434
face 0.8817707896232605 402 407 423 437
face 0.8587353825569153 664 516 686 543
face 0.8463354706764221 744 393 767 428
face 0.8229448199272156 462 394 481 421
face 0.7860016226768494 489 400 508 429
face 0.7185223698616028 81 453 110 487
face 0.708258330821991 357 416 379 452
face 0.62446528673172 355 391 378 422
