face 0.9970314502716064 262 298 283 325
face 0.9964470267295837 851 295 878 329
face 0.9961557984352112 961 332 992 373
face 0.9951809644699097 197 290 220 320
face 0.9860149621963501 713 321 742 358
face 0.9809080362319946 800 265 821 293
face 0.9802496433258057 123 292 143 318
face 0.9594703316688538 641 283 664 315
face 0.9574280977249146 974 289 1002 323
face 0.9563101530075073 350 301 371 327
face 0.9444732069969177 304 257 320 279
face 0.9398645758628845 510 235 524 256
face 0.9257970452308655 689 260 706 285
face 0.9225240349769592 728 240 744 260
face 0.9130173325538635 863 239 883 264
face 0.9113592505455017 357 256 372 279
face 0.8955520987510681 435 213 448 234
face 0.8638375997543335 514 206 528 224
face 0.8530636429786682 402 274 419 299
face 0.8186594247817993 532 244 548 264
face 0.8132651448249817 746 288 768 319
face 0.7192551493644714 553 231 566 247
face 0.7188687920570374 919 361 948 401
face 0.7003675103187561 484 254 499 277
face 0.6982749700546265 805 234 820 254
face 0.6641611456871033 873 212 887 229
face 0.6621876955032349 592 230 605 247
face 0.6421273350715637 405 247 421 269
face 0.6354289650917053 588 192 600 208
face 0.6330634355545044 522 206 535 222
face 0.611544132232666 454 218 469 239
