face 0.9998834133148193 829 316 880 382
face 0.9997907280921936 536 348 603 429
face 0.9995848536491394 848 405 920 506
face 0.9995608925819397 8 313 65 381
face 0.9993195533752441 665 459 735 555
face 0.9984869956970215 629 279 682 343
face 0.9972039461135864 66 230 100 272
face 0.9945604205131531 418 123 455 166
face 0.9931390881538391 457 282 509 337
face 0.9881390929222107 172 304 214 354
face 0.9819620251655579 730 291 762 328
face 0.9757229089736938 354 399 397 463
face 0.951159656047821 10 249 55 304
