face 0.9985621571540833 760 178 794 221
face 0.9980216026306152 232 195 270 254
face 0.9976680874824524 554 233 588 274
face 0.9976361989974976 703 200 743 248
face 0.9960577487945557 143 217 175 261
face 0.9935263395309448 604 330 639 382
face 0.9934678673744202 328 215 366 264
face 0.9923233985900879 117 193 148 231
face 0.9903339743614197 578 400 622 458
face 0.9902760982513428 495 227 532 276
face 0.9894556403160095 390 221 426 268
face 0.9854720234870911 664 223 695 262
face 0.9797653555870056 781 58 811 95
face 0.9651853442192078 890 223 926 271
face 0.955076277256012 969 136 1005 187
face 0.9076083898544312 6 207 44 246
face 0.8901663422584534 495 176 522 212
face 0.6339611411094666 470 239 492 271
