face 0.9988064765930176 531 172 560 208
face 0.9974715709686279 500 188 542 235
face 0.995830237865448 914 296 971 356
face 0.9945427179336548 105 148 144 201
face 0.993439257144928 774 192 803 227
face 0.988625168800354 639 140 665 171
face 0.9878466725349426 313 190 351 240
face 0.985171914100647 738 131 759 158
face 0.9803875684738159 401 201 428 248
face 0.978967010974884 820 165 843 198
face 0.9725865721702576 510 128 529 152
face 0.9667733311653137 363 135 382 159
face 0.8520395755767822 297 161 321 193
face 0.7534391283988953 404 151 425 175
