face 0.9998112320899963 527 321 559 362
face 0.9995926022529602 384 289 421 339
face 0.9995322227478027 199 175 239 232
face 0.999275267124176 73 168 117 221
face 0.9992462396621704 428 386 467 440
face 0.9992074370384216 656 331 691 376
face 0.9990641474723816 800 195 834 236
face 0.9990635514259338 845 192 879 237
face 0.9988203644752502 313 227 351 276
face 0.998673677444458 243 358 286 411
face 0.9980862140655518 327 303 367 362
face 0.9978651404380798 949 379 993 430
face 0.997817873954773 771 363 812 412
face 0.9973965883255005 596 377 634 426
