face 0.9996387958526611 612 196 653 242
face 0.9994716048240662 635 330 669 368
face 0.9994365572929382 854 205 893 253
face 0.9993454813957214 217 217 254 265
face 0.9992597699165344 243 354 277 395
face 0.999193012714386 139 324 177 370
face 0.9990890026092529 764 266 798 311
face 0.9987660646438599 305 197 346 244
face 0.9984859824180603 357 280 394 325
face 0.9984307885169983 404 240 442 282
face 0.9983471632003784 635 444 672 487
face 0.9983464479446411 859 437 893 476
face 0.9981572031974792 566 308 597 342
face 0.9980393052101135 407 367 451 422
face 0.9958677291870117 518 258 552 304
face 0.9958261251449585 807 429 839 464
face 0.995507001876831 77 418 110 454
face 0.9928103685379028 735 341 766 380
face 0.9923449158668518 519 392 553 430
face 0.9895456433296204 173 382 202 418
