face 0.9999271631240845 360 154 389 190
face 0.9998576641082764 80 232 112 270
face 0.9998327493667603 156 243 187 280
face 0.9997735619544983 580 136 610 168
face 0.999744713306427 799 244 833 281
face 0.9997078776359558 425 247 458 289
face 0.9996923208236694 482 118 511 157
face 0.9996222257614136 536 234 567 274
face 0.9995777010917664 431 154 464 193
face 0.999544084072113 762 153 795 192
face 0.9995028972625732 630 230 665 271
face 0.9994446635246277 732 218 766 259
face 0.9994016885757446 295 166 322 202
face 0.9993970394134521 894 226 927 269
face 0.9993613362312317 156 187 187 223
face 0.999316930770874 613 113 641 146
face 0.9991540908813477 286 112 313 145
face 0.9991064667701721 870 171 899 207
face 0.9990666508674622 415 97 446 131
face 0.9990476965904236 331 244 362 281
face 0.9988320469856262 242 235 272 272
face 0.9986233711242676 534 165 566 202
face 0.9985230565071106 845 116 875 150
face 0.9982308745384216 523 111 551 147
face 0.9982207417488098 664 126 693 157
face 0.9981321692466736 190 102 221 141
face 0.9971886277198792 728 132 758 164
face 0.9970003962516785 793 105 820 139
face 0.9958248138427734 382 117 410 149
face 0.9945909976959229 637 178 666 213
face 0.9875453114509583 226 175 255 207
