face 0.9995637536048889 909 149 939 186
face 0.9980860948562622 970 164 997 196
face 0.9980029463768005 796 186 820 218
face 0.9979965090751648 556 206 579 239
face 0.9979456067085266 583 273 611 311
face 0.9976760745048523 346 178 374 212
face 0.9975898265838623 511 285 538 320
face 0.9968782663345337 668 371 693 405
face 0.9965807795524597 632 157 660 188
face 0.9965386390686035 288 169 316 204
face 0.9964888095855713 680 173 702 205
face 0.9963636994361877 403 196 430 228
face 0.9961475133895874 671 292 693 324
face 0.9960312247276306 506 180 530 212
face 0.9956629872322083 844 165 872 199
face 0.9953826069831848 167 172 203 220
face 0.9949228167533875 215 198 241 232
face 0.9949082732200623 582 179 603 209
face 0.9946855306625366 121 189 150 224
face 0.994252622127533 711 153 734 183
face 0.9935703277587891 442 172 468 203
face 0.9935645461082458 740 423 763 453
face 0.9920646548271179 605 209 627 237
face 0.9919176697731018 745 152 769 184
face 0.9901667833328247 401 166 429 197
face 0.9900937676429749 784 314 808 346
face 0.9893275499343872 999 193 1023 229
face 0.9845353960990906 865 338 888 367
face 0.9831146001815796 549 172 569 202
face 0.9669808149337769 478 154 501 181
face 0.9647578597068787 728 341 750 370
face 0.9534899592399597 796 159 819 185
face 0.9192315340042114 812 339 832 363
face 0.6730581521987915 755 325 773 350
face 0.6140717267990112 533 176 552 205
