face 0.9997473359107971 491 559 565 643
face 0.9946468472480774 884 532 916 569
face 0.9945076107978821 940 553 971 588
face 0.9928733110427856 140 16 212 93
face 0.9767654538154602 407 390 450 449
face 0.9758082628250122 826 422 855 455
face 0.9750189781188965 456 199 498 242
face 0.9687679409980774 618 370 665 425
face 0.9553878307342529 529 205 560 247
face 0.9483674764633179 981 610 1018 649
face 0.9451225399971008 885 483 913 513
face 0.9376528263092041 347 283 397 339
face 0.9199220538139343 469 139 500 179
face 0.8970015048980713 766 411 790 442
face 0.874732255935669 739 365 768 394
