face 0.997133731842041 134 332 161 363
face 0.9967389702796936 441 328 463 356
face 0.9942679405212402 560 238 580 265
face 0.9939125776290894 520 345 539 371
face 0.9933077096939087 234 346 260 377
face 0.9930503368377686 265 247 284 271
face 0.9911282062530518 70 233 89 259
face 0.9908747673034668 234 255 256 283
face 0.988315224647522 433 244 454 272
face 0.9882128834724426 889 267 907 291
face 0.9835051894187927 296 347 317 375
face 0.9811347723007202 769 242 787 265
face 0.975477933883667 673 354 694 381
face 0.9742788076400757 672 270 689 293
face 0.9728905558586121 355 263 373 285
face 0.9728427529335022 483 215 500 236
face 0.9713987112045288 478 268 498 294
face 0.9710525274276733 462 251 480 274
face 0.9693626165390015 801 242 817 264
face 0.969058096408844 522 220 538 240
face 0.9664540886878967 64 319 89 348
face 0.9628005623817444 590 236 608 260
face 0.9621517062187195 654 260 671 281
face 0.9602693915367126 615 232 634 255
face 0.9566437602043152 668 235 686 254
face 0.9562656283378601 391 258 409 279
face 0.9546597003936768 845 246 866 271
face 0.9508072137832642 520 260 538 284
face 0.950355589389801 332 260 349 282
face 0.9477921724319458 362 340 383 365
face 0.947170615196228 95 260 113 281
face 0.9459903240203857 735 282 754 306
face 0.9443815350532532 179 261 198 283
face 0.9436178803443909 309 266 326 288
face 0.9402515292167664 575 357 596 383
face 0.9354356527328491 712 245 729 265
face 0.9273142218589783 136 235 151 253
face 0.9250891804695129 110 235 129 256
face 0.9176458120346069 737 230 754 250
face 0.9027631878852844 177 228 190 245
face 0.8994745016098022 217 229 232 248
face 0.896192193031311 826 247 845 272
face 0.8940271139144897 625 261 642 283
face 0.8383400440216064 359 241 377 263
face 0.8278852105140686 387 231 404 252
face 0.8077613711357117 470 230 487 251
face 0.7994701862335205 411 244 427 264
face 0.7747502326965332 702 231 715 247
face 0.7029594779014587 150 251 165 270
face 0.6809753775596619 317 220 330 237
face 0.6809090375900269 285 232 302 253
face 0.6407214403152466 207 236 224 256
face 0.6280273795127869 953 266 972 287
