face 0.999355137348175 167 36 204 79
face 0.9990465044975281 246 255 287 306
face 0.9990326166152954 612 95 654 149
face 0.9990230798721313 71 22 111 68
face 0.9982362985610962 461 234 495 276
face 0.9981478452682495 704 87 746 137
face 0.9980879426002502 513 59 550 101
face 0.9978118538856506 790 77 830 127
face 0.9975782036781311 302 134 337 176
face 0.9975053668022156 552 109 591 156
face 0.9972023963928223 232 77 269 123
face 0.9968616962432861 176 199 215 246
face 0.9968453049659729 520 255 559 301
face 0.9965524673461914 905 110 950 162
face 0.995701253414154 665 57 703 107
face 0.9954214692115784 208 102 244 152
face 0.9943684935569763 108 70 146 115
face 0.992922306060791 387 196 427 250
face 0.9924412965774536 258 148 301 200
face 0.9890487194061279 126 125 170 180
face 0.9751701951026917 619 47 653 82
face 0.908354640007019 798 133 840 187
face 0.6041701436042786 919 71 959 116
