face 0.9914641976356506 700 414 717 434
face 0.9850544929504395 826 406 845 428
face 0.9828862547874451 742 406 761 429
face 0.982205867767334 293 406 310 427
face 0.9813441038131714 906 413 924 434
face 0.975741982460022 431 414 445 434
face 0.968210756778717 155 413 171 433
face 0.9671764969825745 654 418 672 440
face 0.9507717490196228 564 403 581 424
face 0.9448028802871704 527 408 543 428
face 0.9410616159439087 484 399 500 419
face 0.937984049320221 868 420 887 441
face 0.9313766956329346 202 410 218 429
face 0.9187709093093872 781 410 799 431
face 0.9041092991828918 608 413 624 433
face 0.8738884329795837 242 463 264 488
face 0.8519749045372009 198 464 221 489
face 0.846010684967041 111 410 128 429
face 0.7986135482788086 394 411 409 430
face 0.6935058832168579 308 474 325 494
face 0.6923549175262451 338 411 354 431
face 0.6178094744682312 157 468 176 493
