face 0.9998600482940674 606 222 637 257
face 0.9997538924217224 182 258 216 299
face 0.9997431635856628 696 217 725 256
face 0.9996540546417236 550 282 581 322
face 0.999631404876709 391 241 424 286
face 0.999555766582489 810 258 844 299
face 0.9995467066764832 387 306 420 348
face 0.9994738698005676 731 268 766 309
face 0.999470055103302 649 205 680 241
face 0.9994221925735474 240 273 273 320
face 0.9992708563804626 396 183 425 220
face 0.9992368221282959 299 181 328 219
face 0.9991536140441895 731 186 762 222
face 0.9991057515144348 327 219 355 258
face 0.9990197420120239 637 152 667 187
face 0.9989615678787231 648 276 676 315
face 0.9987412095069885 425 226 456 263
face 0.9987095594406128 241 178 269 216
face 0.9985318183898926 339 155 366 188
face 0.9982970356941223 838 195 866 231
face 0.9981890320777893 300 257 331 298
face 0.998173713684082 717 147 745 182
face 0.998139500617981 567 184 594 220
face 0.998080849647522 446 152 473 187
face 0.9980415105819702 592 277 630 330
face 0.9980025887489319 479 275 509 312
face 0.9970020651817322 511 223 541 261
face 0.9968151450157166 379 126 405 159
face 0.9849039316177368 473 123 499 159
face 0.9805236458778381 555 136 582 170
face 0.9713686108589172 486 199 513 234
