face 0.9918907880783081 300 368 326 399
face 0.9855870008468628 469 373 495 406
face 0.9847226738929749 393 401 415 430
face 0.9826139807701111 404 259 426 290
face 0.9779555201530457 716 211 734 235
face 0.9713290929794312 316 283 337 310
face 0.9692209362983704 805 180 824 205
face 0.9492730498313904 153 172 168 191
face 0.9479979276657104 168 353 191 384
face 0.9198834896087646 147 215 165 238
face 0.9009661078453064 659 305 679 332
face 0.8860741257667542 205 205 221 225
face 0.874331533908844 305 205 322 227
face 0.8663646578788757 257 223 274 244
face 0.8634109497070312 508 209 524 231
face 0.8628126382827759 599 192 613 211
face 0.8521928191184998 513 290 532 314
face 0.8428488969802856 635 361 656 390
face 0.8254832625389099 409 220 423 241
face 0.8200417160987854 189 188 203 205
face 0.8051515221595764 269 134 282 150
face 0.8027181625366211 361 226 377 247
face 0.7575694918632507 136 194 150 210
face 0.7077602744102478 551 184 565 203
face 0.6749216914176941 407 161 419 179
face 0.6515106558799744 560 368 580 394
face 0.6286187767982483 564 222 577 240
face 0.6205585598945618 309 182 324 200
