face 0.9994595646858215 692 412 727 450
face 0.9989252686500549 754 268 784 304
face 0.9983173608779907 497 380 526 415
face 0.9975076913833618 576 404 613 449
face 0.9967678785324097 601 303 627 335
face 0.9966773986816406 808 387 844 431
face 0.9951606392860413 186 340 206 365
face 0.9946148991584778 793 259 821 293
face 0.9920430779457092 506 314 524 340
face 0.9906328916549683 648 306 678 340
face 0.9889828562736511 926 408 947 432
face 0.9876372814178467 294 359 312 382
face 0.9875412583351135 182 408 205 438
face 0.9870124459266663 371 360 391 386
face 0.9868500232696533 429 348 449 372
face 0.986539900302887 479 329 500 357
face 0.9840861558914185 536 332 558 359
face 0.9818449020385742 258 408 281 439
face 0.9793733358383179 681 275 708 306
face 0.9792141914367676 120 344 141 370
face 0.9779490232467651 116 424 142 456
face 0.9769532084465027 881 392 903 417
face 0.976414144039154 475 261 490 280
face 0.9755032658576965 406 295 422 315
face 0.9718962907791138 157 341 177 365
face 0.9526789784431458 500 271 516 290
face 0.9482301473617554 371 319 390 343
face 0.9463220834732056 435 224 449 241
face 0.9391514658927917 953 385 971 406
face 0.9334860444068909 448 328 467 350
face 0.9331981539726257 265 340 283 361
face 0.9197564125061035 949 450 973 477
face 0.9187055230140686 194 315 212 337
face 0.9009621143341064 334 379 355 409
face 0.8953593969345093 354 280 370 299
face 0.8913383483886719 324 352 339 372
face 0.8837966322898865 386 288 401 308
face 0.8786188364028931 898 351 915 372
face 0.8614118695259094 861 410 881 436
face 0.8584336638450623 885 421 903 443
face 0.8440797328948975 537 254 551 274
face 0.7868822813034058 396 259 410 277
face 0.7541353702545166 230 336 248 358
face 0.7307390570640564 556 236 573 255
face 0.7187415361404419 286 313 305 335
face 0.6730943322181702 383 267 396 285
face 0.6722187995910645 349 309 365 328
face 0.6355952620506287 452 281 468 300
face 0.6286795139312744 481 220 494 234
face 0.6242347955703735 321 323 335 344
face 0.6002944111824036 310 278 326 298
