face 0.9996764659881592 297 323 333 365
face 0.9996188879013062 589 206 622 249
face 0.9995871186256409 302 203 336 241
face 0.9995719790458679 757 198 791 242
face 0.9993534684181213 546 296 580 339
face 0.9991563558578491 231 176 266 220
face 0.9990721940994263 637 312 669 354
face 0.9988880753517151 466 203 496 235
face 0.9988095760345459 716 369 758 421
face 0.9987761378288269 385 313 422 359
face 0.9987026453018188 510 205 541 243
face 0.9986053109169006 838 192 874 237
face 0.9985069632530212 643 216 675 252
face 0.9983583092689514 700 193 731 233
face 0.9983084201812744 433 239 466 276
face 0.9982714653015137 550 192 578 230
face 0.9981799125671387 188 379 230 430
face 0.9977166652679443 160 202 196 246
face 0.9976619482040405 346 215 374 251
face 0.9975716471672058 411 204 442 239
face 0.9967054724693298 469 378 505 420
face 0.9946685433387756 78 214 125 265
face 0.9913994073867798 617 181 646 213
