face 0.9994325041770935 731 374 898 605
face 0.9990538954734802 300 241 333 281
face 0.9964391589164734 145 285 173 321
face 0.9931437969207764 807 221 870 294
face 0.9768093228340149 87 279 116 311
face 0.9706478118896484 402 244 429 281
face 0.945016622543335 110 240 137 272
face 0.8860324621200562 42 259 63 283
face 0.7906209230422974 904 245 926 269
face 0.7129510641098022 961 193 976 212
face 0.6994454264640808 209 272 229 294
face 0.6379482746124268 201 300 226 332
face 0.6218202114105225 999 194 1014 213
