face 0.9928784966468811 903 369 923 394
face 0.9928593635559082 636 345 654 367
face 0.9880059361457825 166 391 186 416
face 0.9778255820274353 569 367 589 389
face 0.9650307297706604 867 409 888 433
face 0.9576238989830017 732 355 749 378
face 0.9460580945014954 680 391 702 417
face 0.9384476542472839 310 356 329 378
face 0.9311906695365906 410 363 426 383
face 0.906976580619812 477 367 495 388
face 0.9038407206535339 517 395 535 419
face 0.8952159881591797 120 335 139 361
face 0.8867127895355225 357 404 372 425
face 0.840269923210144 805 362 822 384
face 0.7932053208351135 235 357 253 377
