face 0.9999973773956299 82 303 151 385
face 0.9999885559082031 85 109 148 189
face 0.999982476234436 289 339 350 419
face 0.9999655485153198 669 326 730 410
face 0.9998825788497925 246 120 302 189
face 0.9997761845588684 914 140 974 213
face 0.9997624754905701 772 92 826 163
face 0.9996895790100098 680 123 737 191
face 0.9995169639587402 557 390 616 463
face 0.9992868304252625 852 333 934 432
face 0.9992102384567261 378 146 431 206
face 0.996134877204895 542 104 592 168
face 0.9694228768348694 581 45 603 72
face 0.9267771244049072 860 200 905 250
