face 0.9982713460922241 520 284 543 314
face 0.9977704286575317 325 364 352 396
face 0.9976179003715515 214 298 239 327
face 0.9964794516563416 611 291 633 321
face 0.9964612126350403 260 365 286 398
face 0.996369481086731 566 321 589 353
face 0.995503842830658 560 280 581 307
face 0.9951950907707214 519 339 542 366
face 0.9949833154678345 695 351 721 384
face 0.9932025671005249 293 261 313 289
face 0.9928283095359802 201 261 223 286
face 0.9919025301933289 384 271 405 298
face 0.986941397190094 203 342 226 370
face 0.9866188168525696 469 282 491 307
face 0.9853754043579102 424 282 449 312
face 0.9849855899810791 351 294 373 321
face 0.9848293662071228 636 265 657 292
face 0.9836942553520203 653 323 676 351
face 0.9825421571731567 547 367 573 399
face 0.974160373210907 459 356 483 384
face 0.9726879596710205 287 306 307 332
face 0.972287654876709 628 355 651 388
face 0.9668055176734924 395 343 417 371
face 0.915153980255127 437 329 459 359
