face 0.9998458623886108 245 349 282 397
face 0.9996047616004944 807 223 839 264
face 0.999433696269989 104 245 139 289
face 0.9993597865104675 586 363 621 410
face 0.9992879033088684 458 323 495 373
face 0.9991732239723206 485 192 519 236
face 0.9991722106933594 915 318 948 365
face 0.999140739440918 368 206 403 249
face 0.9988697171211243 216 210 252 249
face 0.9987699389457703 758 210 788 253
face 0.9986918568611145 708 384 743 427
face 0.9986889958381653 445 215 478 261
face 0.9986770749092102 571 221 605 268
face 0.998497724533081 627 219 659 263
face 0.9974204301834106 703 191 733 231
face 0.997160792350769 342 354 383 409
face 0.9961133003234863 895 206 931 258
face 0.995887815952301 151 261 183 303
face 0.9950665235519409 810 394 849 442
face 0.9945659637451172 156 347 196 397
face 0.994279146194458 728 261 762 304
face 0.989656925201416 855 229 887 269
face 0.9892588257789612 305 243 335 281
face 0.9530361294746399 425 164 452 197
face 0.9400299191474915 241 90 265 118
