face 0.9998243451118469 922 316 958 361
face 0.9998204112052917 258 116 294 157
face 0.9996703863143921 861 152 894 193
face 0.999515175819397 181 304 219 348
face 0.9992979764938354 259 315 293 360
face 0.999045193195343 490 262 523 302
face 0.9985767602920532 318 456 354 499
face 0.9985566735267639 151 233 184 270
face 0.998171329498291 719 448 755 491
face 0.9981532692909241 788 121 820 165
face 0.9977723956108093 580 254 614 295
face 0.9973293542861938 541 478 577 520
face 0.9963210821151733 86 303 118 342
face 0.9961645603179932 448 234 480 273
face 0.9960224032402039 788 457 820 495
face 0.9959171414375305 367 154 397 192
face 0.9958849549293518 577 144 611 181
face 0.9948623776435852 467 149 499 186
face 0.9946776628494263 701 204 733 248
face 0.9921438694000244 742 317 775 357
face 0.9897747039794922 791 196 825 236
face 0.9892047643661499 455 476 493 518
face 0.9889581203460693 644 482 678 525
face 0.9884724020957947 236 272 269 311
face 0.9880484938621521 852 244 886 287
face 0.9865503311157227 267 239 298 279
face 0.9860520362854004 672 272 706 312
face 0.9817577004432678 147 173 180 211
face 0.9791684746742249 402 254 429 288
face 0.9789208769798279 528 214 559 251
face 0.971407949924469 185 479 221 522
face 0.9694839119911194 369 312 400 353
face 0.9687551856040955 728 249 759 289
face 0.9324572086334229 365 263 390 300
face 0.8120886087417603 700 167 724 197
face 0.7614518404006958 583 213 607 241
face 0.7555228471755981 612 237 641 271
face 0.731380045413971 402 513 433 553
