face 0.9998447895050049 704 268 736 307
face 0.999754011631012 564 268 602 315
face 0.9996627569198608 99 238 145 284
face 0.9996110796928406 474 269 506 308
face 0.9993822574615479 186 209 222 249
face 0.9993757605552673 648 270 681 313
face 0.9993045330047607 384 278 418 320
face 0.999196469783783 225 232 263 278
face 0.9989664554595947 894 282 936 322
face 0.9986979961395264 340 215 369 252
face 0.9986591339111328 816 252 845 282
face 0.9980947375297546 742 251 773 286
face 0.9974693059921265 614 232 644 265
face 0.9971524477005005 779 293 810 327
face 0.9965494871139526 451 224 479 257
face 0.9963661432266235 683 215 708 244
face 0.9954681396484375 541 246 572 280
face 0.982328474521637 545 207 566 231
face 0.9774073958396912 486 204 508 232
face 0.9544364809989929 403 203 426 229
