face 0.9990799427032471 746 65 778 97
face 0.9988647699356079 866 199 906 243
face 0.9986639022827148 95 104 132 141
face 0.9984840750694275 298 56 328 89
face 0.9977699518203735 556 39 587 72
face 0.9976370334625244 653 78 691 119
face 0.9971674084663391 365 47 399 77
face 0.9966691136360168 882 71 915 100
face 0.9965711832046509 428 188 465 234
face 0.9964606165885925 157 50 187 83
face 0.9963709115982056 757 202 795 245
face 0.9963648915290833 573 78 610 117
face 0.9963445067405701 490 72 525 111
face 0.9961020946502686 228 45 257 73
face 0.9960242509841919 328 88 367 129
face 0.9958944320678711 880 113 919 152
face 0.9955145716667175 542 179 582 229
face 0.9949719905853271 409 75 444 113
face 0.9948229789733887 950 203 989 248
face 0.9940600991249084 26 179 67 226
face 0.9938805103302002 487 26 518 56
face 0.9903163313865662 136 175 178 217
face 0.9893981218338013 266 103 301 141
face 0.9889004230499268 432 41 461 72
face 0.988660454750061 191 97 226 137
face 0.987096905708313 829 66 859 97
face 0.9862549304962158 795 92 834 132
face 0.9813779592514038 722 100 759 137
face 0.9725219011306763 625 51 657 87
face 0.9665153622627258 241 197 279 238
face 0.9646105170249939 642 206 681 246
face 0.9628514051437378 689 64 719 99
face 0.9403153657913208 336 205 370 244
