face 0.9995796084403992 821 71 879 138
face 0.9993249177932739 416 253 469 326
face 0.999231219291687 520 230 575 310
face 0.9986829161643982 112 158 157 206
face 0.9985889792442322 655 183 705 252
face 0.998417854309082 368 167 411 223
face 0.9983280301094055 297 156 334 198
face 0.9983130693435669 197 183 245 244
face 0.9982409477233887 595 149 634 197
face 0.9979850053787231 445 168 481 216
face 0.9972656965255737 660 112 718 181
face 0.9967482089996338 184 148 220 189
face 0.9947336912155151 521 152 566 211
face 0.9915874600410461 15 182 71 238
face 0.9900180697441101 758 118 803 167
