face 0.9997161030769348 179 270 219 319
face 0.9996709823608398 299 158 331 202
face 0.9995786547660828 388 269 419 311
face 0.9995504021644592 491 280 524 324
face 0.999089241027832 209 153 243 198
face 0.998842716217041 719 299 756 346
face 0.9987115859985352 601 272 641 323
face 0.9967161417007446 390 164 423 202
face 0.9962041974067688 606 139 636 178
face 0.9957063794136047 684 147 719 195
face 0.995317816734314 500 136 536 182
face 0.9939355254173279 281 256 312 303
face 0.9821444749832153 794 125 830 170
face 0.940200924873352 269 182 295 213
