face 0.9990744590759277 587 298 610 329
face 0.998994767665863 435 82 458 110
face 0.9986887574195862 161 92 185 117
face 0.9985713958740234 344 289 367 318
face 0.9983012676239014 109 281 133 311
face 0.9980542659759521 228 279 251 308
face 0.9979975819587708 646 298 669 327
face 0.9974625110626221 59 283 85 311
face 0.9974506497383118 904 137 929 165
face 0.9972924590110779 931 150 961 184
face 0.9972757697105408 893 164 915 196
face 0.9971668124198914 767 116 790 144
face 0.9965876340866089 176 212 198 237
face 0.9964203834533691 170 282 193 313
face 0.99628746509552 235 220 255 247
face 0.9959890246391296 612 229 631 253
face 0.9951732754707336 709 303 733 331
face 0.994719386100769 664 90 685 116
face 0.9945240020751953 495 222 515 250
face 0.9940372705459595 719 118 741 146
face 0.9939975738525391 231 97 250 121
face 0.99378901720047 252 77 269 99
face 0.9935103058815002 830 98 853 123
face 0.9934846758842468 584 98 603 126
face 0.9934412240982056 370 79 392 111
face 0.9933032393455505 288 291 309 317
face 0.9929229021072388 816 140 842 167
face 0.9925407767295837 782 304 806 330
face 0.9920054078102112 848 188 874 219
face 0.9919772744178772 513 59 533 83
face 0.9917528033256531 718 89 738 110
face 0.9912256598472595 346 55 365 78
face 0.9911124110221863 406 308 428 336
face 0.9906293749809265 846 129 871 157
face 0.9901873469352722 499 88 521 113
face 0.9896901845932007 277 227 297 254
face 0.9896607398986816 556 227 576 253
face 0.989622950553894 742 69 763 90
face 0.9896202683448792 788 93 809 115
face 0.9892801642417908 293 101 314 125
face 0.9881168603897095 283 61 302 84
face 0.9868631362915039 330 226 348 252
face 0.9867781400680542 468 293 488 323
face 0.9861648082733154 441 226 461 253
face 0.9859987497329712 318 73 337 96
face 0.9856708645820618 877 132 900 159
face 0.9856327772140503 624 91 643 113
face 0.9850194454193115 688 74 708 97
face 0.9837941527366638 465 64 487 91
face 0.9794096946716309 517 292 538 323
face 0.9747085571289062 809 76 828 100
face 0.9739515781402588 706 54 727 77
face 0.9704106450080872 654 228 675 255
face 0.9698249101638794 384 227 402 251
face 0.9697299003601074 747 91 769 118
face 0.9532164335250854 210 49 229 75
face 0.9376200437545776 693 119 714 145
face 0.9303926229476929 412 56 434 80
face 0.9274145364761353 541 65 559 90
face 0.9226276278495789 805 116 827 138
face 0.8831354975700378 580 58 600 81
