face 0.9995089769363403 485 363 518 410
face 0.9993736147880554 41 265 72 308
face 0.9987290501594543 243 399 279 446
face 0.9986432194709778 352 421 381 462
face 0.9980186223983765 657 381 687 422
face 0.997559666633606 130 416 167 466
face 0.9972035884857178 545 335 573 371
face 0.9970682263374329 974 390 1003 429
face 0.9969670176506042 163 264 191 303
face 0.9952051639556885 677 320 705 357
face 0.9948234558105469 355 226 384 265
face 0.9947677850723267 616 285 643 318
face 0.9939137101173401 160 208 188 244
face 0.9936150312423706 23 435 54 480
face 0.9927048087120056 683 234 704 265
face 0.9924829602241516 459 232 483 265
face 0.9901976585388184 88 241 115 277
face 0.9874098896980286 260 218 283 246
face 0.9873666763305664 118 199 142 230
face 0.9865487217903137 411 235 436 269
face 0.9859369397163391 873 383 903 426
face 0.9854496717453003 394 198 417 228
face 0.9847742319107056 298 227 321 259
face 0.9847720265388489 861 253 886 287
face 0.9841878414154053 615 209 634 236
face 0.9834113717079163 608 322 633 356
face 0.9826427698135376 936 259 960 290
face 0.981819748878479 499 210 520 239
face 0.9810135960578918 332 201 353 230
face 0.9764682054519653 766 201 786 228
face 0.9753115773200989 710 243 732 276
face 0.9744198322296143 281 262 307 296
face 0.9743160605430603 800 231 820 262
face 0.9728114008903503 639 226 662 256
face 0.970963716506958 214 270 240 302
face 0.9681927561759949 29 202 54 235
face 0.9589875936508179 561 203 581 232
face 0.9564898014068604 460 203 479 227
face 0.9418562650680542 767 258 786 286
face 0.9415094256401062 590 424 616 457
face 0.9208099246025085 0 238 20 276
face 0.9177972078323364 207 199 229 227
face 0.8687961101531982 895 235 917 273
face 0.858025848865509 731 231 750 261
face 0.7218839526176453 860 222 878 247
face 0.6858702898025513 394 435 429 477
