face 0.9996730089187622 348 127 381 166
face 0.9996002316474915 595 115 626 149
face 0.999588668346405 222 127 255 165
face 0.9995812773704529 281 116 316 156
face 0.9995470643043518 872 281 906 320
face 0.9995076656341553 768 282 805 324
face 0.9994392991065979 132 112 165 152
face 0.9991071820259094 539 223 576 266
face 0.9986127614974976 931 133 962 171
face 0.9984955787658691 835 167 868 206
face 0.998271107673645 640 117 672 151
face 0.998248815536499 74 144 106 180
face 0.9980089068412781 300 302 336 341
face 0.9978146553039551 804 119 834 153
face 0.9977465271949768 651 218 689 262
face 0.9970423579216003 705 122 734 157
face 0.9969567060470581 523 99 553 134
face 0.996771514415741 406 104 438 141
face 0.9960991144180298 421 227 455 269
face 0.9932067394256592 181 292 222 338
face 0.991200864315033 468 123 505 164
