face 0.9962574243545532 124 631 143 656
face 0.9951920509338379 205 601 224 627
face 0.9949769377708435 74 601 93 626
face 0.9938953518867493 342 383 361 411
face 0.9926687479019165 133 277 154 306
face 0.9920461177825928 111 670 133 696
face 0.9915997982025146 21 603 41 632
face 0.9897363185882568 543 487 562 511
face 0.9897242784500122 84 572 102 595
face 0.9883042573928833 831 383 849 410
face 0.9873565435409546 404 559 424 587
face 0.9871928691864014 648 562 668 588
face 0.9861258864402771 531 526 551 551
face 0.9857073426246643 225 346 245 371
face 0.984938383102417 111 185 131 209
face 0.9841983318328857 905 558 922 584
face 0.9836937785148621 755 179 773 201
face 0.9836350679397583 880 117 899 142
face 0.9832175970077515 222 525 242 551
face 0.9827718138694763 204 285 224 311
face 0.9824854135513306 943 421 963 451
face 0.9817112684249878 304 283 323 310
face 0.9805430769920349 420 95 438 119
face 0.9804917573928833 278 564 298 586
face 0.9804683923721313 113 533 130 557
face 0.9803691506385803 561 421 581 445
face 0.979982852935791 411 350 430 375
face 0.9797124862670898 892 635 914 660
face 0.977948009967804 468 156 487 184
face 0.9776966571807861 252 631 272 656
face 0.9774898886680603 815 427 837 454
face 0.9774805307388306 701 389 721 416
face 0.976520836353302 903 61 920 82
face 0.9759849309921265 630 604 653 630
face 0.975923478603363 444 405 461 430
face 0.9757035374641418 556 287 574 310
face 0.9749841094017029 49 527 67 547
face 0.9742507934570312 357 278 374 301
face 0.9723357558250427 18 562 37 587
face 0.9719343781471252 367 92 386 114
face 0.9718797206878662 219 569 236 593
face 0.9715821146965027 653 310 674 337
face 0.9707396626472473 193 637 212 665
face 0.9691672921180725 688 186 708 209
face 0.9688119292259216 870 461 889 485
face 0.9682695269584656 398 381 418 407
face 0.9682229161262512 752 664 772 690
face 0.9679681062698364 522 390 539 414
face 0.967206597328186 635 191 653 213
face 0.9669654369354248 341 559 361 585
face 0.9668070673942566 721 557 739 582
face 0.9665451049804688 686 452 705 476
face 0.9658975601196289 280 387 299 411
face 0.9642808437347412 137 120 156 144
face 0.9635669589042664 650 158 665 178
face 0.963397204875946 357 152 375 174
face 0.9633269906044006 844 554 864 581
face 0.9626187086105347 918 500 939 527
face 0.962256669998169 854 23 873 46
face 0.9616237878799438 244 452 263 475
face 0.9612589478492737 286 346 305 372
face 0.9604920148849487 115 314 132 337
face 0.9593212604522705 263 412 281 437
face 0.9587189555168152 766 639 785 663
face 0.9586963057518005 219 383 237 409
face 0.9586134552955627 614 494 633 521
face 0.9573484659194946 736 232 755 254
face 0.9573401808738708 800 227 817 249
face 0.957214891910553 53 191 72 215
face 0.9563634395599365 532 122 552 145
face 0.9555897116661072 507 456 525 484
face 0.954656720161438 725 509 743 537
face 0.9544631838798523 942 376 959 400
face 0.9535008668899536 174 663 194 691
face 0.9524661898612976 782 561 801 589
face 0.9522007703781128 123 14 142 38
face 0.9518694281578064 66 156 84 179
face 0.9484918713569641 615 253 634 275
face 0.9478341341018677 663 61 681 84
face 0.9475879073143005 763 421 783 448
face 0.9467670321464539 513 183 532 209
face 0.9463642835617065 33 89 51 113
face 0.9460060000419617 330 61 347 83
face 0.9450567364692688 538 357 556 384
face 0.9449844360351562 230 198 248 221
face 0.9442743062973022 98 354 115 378
face 0.9440516829490662 465 561 485 589
face 0.9433566927909851 50 672 73 701
face 0.9429824948310852 550 89 567 112
face 0.9420884251594543 876 424 895 451
face 0.9417151212692261 831 641 851 665
face 0.9416659474372864 364 118 382 141
face 0.9411168098449707 598 350 613 371
face 0.9410068988800049 154 563 172 588
face 0.9409807324409485 720 350 736 372
face 0.939478874206543 653 116 671 138
face 0.9384304285049438 356 352 374 377
face 0.9383212327957153 62 634 81 661
face 0.938157320022583 761 378 779 402
face 0.9377636313438416 1007 119 1021 145
face 0.9372708797454834 576 392 595 415
face 0.9370566606521606 121 154 140 178
face 0.9357525706291199 217 63 234 84
face 0.9355997443199158 319 535 336 559
face 0.9347577095031738 891 319 910 342
face 0.9338951110839844 275 597 294 622
face 0.9333099722862244 392 59 411 83
face 0.9311822056770325 308 126 325 145
face 0.9305270910263062 809 664 828 689
face 0.9296699166297913 598 530 617 553
face 0.9293314218521118 789 23 807 47
face 0.9289320111274719 150 386 169 411
face 0.9271001815795898 943 111 962 134
face 0.9260411858558655 961 563 982 590
face 0.9254798889160156 569 220 586 243
face 0.9246916770935059 737 455 757 481
face 0.9245753884315491 829 352 848 376
face 0.924200177192688 627 664 644 688
face 0.9234781861305237 922 243 941 268
face 0.9222022294998169 484 113 502 136
face 0.9219967722892761 678 490 697 515
face 0.9216365814208984 615 287 633 308
face 0.921454131603241 620 425 638 448
face 0.9213424921035767 434 492 453 516
face 0.9210749268531799 301 155 318 177
face 0.9210330843925476 586 564 607 588
face 0.9178281426429749 501 65 519 86
face 0.9173226952552795 696 596 717 622
face 0.9171739816665649 463 531 484 556
face 0.9163682460784912 780 527 799 550
face 0.9140629768371582 924 217 940 238
face 0.9139642715454102 241 661 260 689
face 0.9097678065299988 988 194 1006 216
face 0.9095968008041382 860 486 879 512
face 0.90871262550354 412 525 431 548
face 0.9063452482223511 223 159 242 181
face 0.905285656452179 632 380 651 403
face 0.904924750328064 960 67 975 86
face 0.9042533040046692 845 221 866 245
face 0.9030579328536987 363 484 382 507
face 0.9025107026100159 698 150 715 172
face 0.9013623595237732 890 665 908 690
face 0.9005330204963684 967 32 984 54
face 0.8999794721603394 68 317 88 345
face 0.8996667861938477 144 599 163 625
face 0.8985100984573364 618 219 636 242
face 0.8974699974060059 299 190 315 214
face 0.8969749212265015 770 128 787 150
face 0.8932240009307861 932 149 950 170
face 0.8901945948600769 431 454 453 479
face 0.8887797594070435 37 217 55 239
face 0.8844020962715149 616 63 634 85
face 0.8840904235839844 552 666 571 689
face 0.8839980959892273 910 26 928 48
face 0.8824964761734009 364 1 383 23
face 0.8814409375190735 531 161 550 186
face 0.8811159729957581 174 314 194 342
face 0.8801290988922119 722 31 738 54
face 0.8791602849960327 513 424 532 447
face 0.8779129385948181 808 455 827 481
face 0.876343309879303 685 218 704 240
face 0.8761197924613953 822 91 840 116
face 0.875591516494751 543 319 560 342
face 0.8721923232078552 795 491 813 515
face 0.8719878196716309 582 609 600 630
face 0.8712711930274963 684 669 703 693
face 0.8707742691040039 158 349 178 376
face 0.8685842752456665 492 289 509 310
face 0.8682982921600342 564 461 582 484
face 0.8638772964477539 379 418 399 446
face 0.8636114597320557 833 606 849 627
face 0.8619879484176636 843 285 859 307
face 0.8601496815681458 1003 86 1021 113
face 0.8597503304481506 75 291 93 314
face 0.8581198453903198 431 292 446 313
face 0.856683611869812 786 285 804 307
face 0.8563021421432495 167 532 185 557
face 0.8562243580818176 92 86 110 109
face 0.855732262134552 116 485 132 508
face 0.8466287851333618 455 189 474 213
face 0.8462879657745361 769 602 788 627
face 0.8450058698654175 359 322 378 344
face 0.8412442803382874 236 319 253 342
face 0.8407247066497803 974 226 991 250
face 0.8395868539810181 831 316 851 341
face 0.8391056656837463 554 258 573 281
face 0.8303467035293579 889 87 906 109
face 0.8261890411376953 844 527 865 553
face 0.8232827186584473 264 253 279 272
face 0.8213645219802856 457 2 473 22
face 0.8170321583747864 295 491 313 517
face 0.8161231279373169 319 424 337 447
face 0.8158057332038879 358 192 374 213
face 0.8148388862609863 17 107 37 132
face 0.8109238147735596 974 524 993 550
face 0.8101532459259033 913 530 932 555
face 0.8083498477935791 662 540 678 562
face 0.8055664896965027 297 321 315 342
face 0.8037325143814087 56 30 76 56
face 0.8035857081413269 514 629 532 651
face 0.8023936748504639 9 158 26 182
face 0.7966554164886475 177 176 196 202
face 0.796564519405365 938 467 957 493
face 0.796303927898407 717 130 734 151
face 0.7960967421531677 146 84 163 106
face 0.7931191325187683 688 427 707 449
face 0.7897863984107971 304 93 321 115
face 0.7887426614761353 681 4 699 28
face 0.7876911163330078 389 640 406 664
face 0.7842866778373718 23 457 40 477
face 0.7808062434196472 206 94 224 116
face 0.7807935476303101 951 319 970 343
face 0.7807174324989319 475 347 493 374
face 0.779931902885437 488 263 503 283
face 0.7794427871704102 263 108 279 128
face 0.767367422580719 439 58 458 81
face 0.7642993330955505 979 151 997 173
face 0.7563359141349792 525 568 544 591
face 0.752824068069458 510 0 531 18
face 0.7469494342803955 742 258 761 282
face 0.7401883602142334 341 27 356 48
face 0.7376499176025391 551 64 567 84
face 0.7373849153518677 592 161 608 184
face 0.7356312870979309 928 0 945 18
face 0.7348598837852478 633 640 651 665
face 0.7303512692451477 76 496 93 519
face 0.722527027130127 895 606 912 627
face 0.7112103700637817 401 20 418 42
face 0.708138108253479 961 352 979 374
face 0.7058200836181641 525 610 542 629
face 0.7056945562362671 597 316 615 339
face 0.70253986120224 1005 462 1022 494
face 0.7022154927253723 896 362 915 387
face 0.7018349766731262 428 115 446 140
face 0.6952511072158813 291 61 306 81
face 0.6948410868644714 949 608 968 634
face 0.6947765946388245 698 646 718 668
face 0.6822505593299866 216 0 232 18
face 0.6761319637298584 627 2 646 25
face 0.6617923378944397 39 354 56 377
face 0.6483202576637268 747 494 765 518
face 0.647780179977417 668 357 684 381
face 0.6422600150108337 609 93 625 113
face 0.6408957242965698 704 288 722 310
face 0.6402149796485901 188 0 205 17
face 0.6325963139533997 779 349 795 372
face 0.6311492919921875 984 245 1003 269
face 0.6282458901405334 507 140 522 160
face 0.623687744140625 979 491 998 516
face 0.621404230594635 275 273 291 295
face 0.6168186664581299 8 -1 25 14
face 0.6146880984306335 0 23 12 43
face 0.6108646988868713 691 114 706 134
face 0.6100913286209106 1008 386 1022 415
face 0.6072446703910828 570 644 587 665
