face 0.9998817443847656 792 281 835 334
face 0.9998650550842285 397 227 435 275
face 0.9997754693031311 654 398 697 450
face 0.9997610449790955 265 293 302 338
face 0.9997395873069763 371 299 409 349
face 0.9997264742851257 189 229 227 276
face 0.9996819496154785 300 232 337 275
face 0.9996565580368042 885 290 929 343
face 0.9996447563171387 505 388 548 444
face 0.9988458156585693 722 294 762 343
face 0.9988196492195129 596 263 639 311
face 0.9985834360122681 685 228 725 276
face 0.997212827205658 492 245 533 300
face 0.9960111379623413 113 226 151 275
face 0.9951766729354858 358 402 404 457
face 0.9943939447402954 822 244 858 291
