face 0.9992345571517944 572 208 632 272
face 0.9985694885253906 848 88 911 155
face 0.9976223111152649 217 242 274 306
face 0.9974614381790161 709 80 755 128
face 0.9959322810173035 329 227 383 296
face 0.9956705570220947 648 71 694 113
face 0.9952955842018127 133 12 186 62
face 0.9951717257499695 699 158 757 216
face 0.9951202273368835 223 66 276 121
face 0.994892954826355 436 231 493 312
face 0.9948030114173889 582 27 622 78
face 0.9908428192138672 668 267 733 335
face 0.988010823726654 296 8 337 57
face 0.9871538281440735 593 94 643 155
face 0.9860570430755615 489 2 535 55
face 0.9844951033592224 355 38 405 116
face 0.9750084280967712 521 81 569 138
face 0.9494501948356628 443 71 486 131
face 0.8872730135917664 807 166 919 274
face 0.8385469913482666 978 25 1000 49
face 0.6921588182449341 104 278 173 367
