face 0.9997501969337463 918 236 964 295
face 0.999723494052887 789 232 828 284
face 0.9997181296348572 444 205 482 256
face 0.999649167060852 681 110 723 164
face 0.9996356964111328 408 120 447 175
face 0.9994968175888062 607 178 652 241
face 0.9993708729743958 317 215 355 265
face 0.9992770552635193 552 95 592 148
face 0.9991666078567505 507 203 556 267
face 0.9990416169166565 187 234 230 289
face 0.9990096092224121 253 122 289 171
face 0.9980549812316895 52 191 94 247
face 0.9976176619529724 695 255 740 306
