face 0.9997783303260803 545 203 575 239
face 0.999617338180542 457 212 490 253
face 0.9995878338813782 698 349 733 392
face 0.9992414712905884 627 211 660 246
face 0.9990286827087402 911 209 947 247
face 0.9990181922912598 573 264 607 305
face 0.998985230922699 730 212 767 250
face 0.9989262223243713 368 228 399 263
face 0.9986709356307983 670 218 702 255
face 0.9986180067062378 278 226 314 267
face 0.9980579018592834 799 217 835 259
face 0.9965819716453552 255 361 297 413
face 0.9960964322090149 407 208 436 242
face 0.9914302229881287 134 219 177 265
face 0.9887203574180603 472 182 501 213
face 0.986758291721344 308 204 336 238
