face 0.9186628460884094 372 352 383 366
face 0.8875690698623657 347 392 359 408
face 0.7603952288627625 692 420 703 436
face 0.7418913841247559 410 385 421 398
face 0.7414164543151855 488 385 499 401
face 0.7171596884727478 625 386 635 399
face 0.7093690633773804 396 419 407 432
face 0.7052039504051208 228 384 239 399
face 0.6943809986114502 449 382 460 396
face 0.6898271441459656 449 421 460 435
face 0.6683535575866699 155 393 169 409
face 0.6588610410690308 368 387 379 401
face 0.6532108187675476 701 387 713 402
face 0.6120938658714294 791 385 802 398
face 0.6100113987922668 854 384 865 397
face 0.609136164188385 312 395 323 408
