face 0.9996273517608643 70 154 100 193
face 0.9996193647384644 658 367 686 403
face 0.9994494318962097 448 393 478 428
face 0.9993777275085449 114 171 140 207
face 0.9993601441383362 192 177 220 209
face 0.9993558526039124 468 310 497 345
face 0.9993492960929871 826 197 854 232
face 0.9992448091506958 144 189 177 225
face 0.9991949200630188 901 194 929 225
face 0.9991538524627686 861 326 889 363
face 0.9990948438644409 597 362 627 395
face 0.9990561604499817 715 353 744 387
face 0.9990389347076416 223 202 252 238
face 0.9989945292472839 163 148 191 178
face 0.9989719390869141 309 382 335 415
face 0.9989452958106995 14 181 43 214
face 0.9989155530929565 340 313 367 343
face 0.9988582134246826 532 344 559 377
face 0.998691737651825 295 271 323 302
face 0.9984833598136902 201 360 232 397
face 0.9982642531394958 327 156 352 188
face 0.9981801509857178 396 367 424 400
face 0.9978378415107727 561 197 584 226
face 0.9978078007698059 368 191 394 223
face 0.9977442026138306 676 195 701 224
face 0.9974460601806641 496 165 519 191
face 0.996957540512085 676 154 698 181
face 0.9969488978385925 972 342 1001 380
face 0.9965769648551941 584 154 608 182
face 0.9962349534034729 697 218 725 252
face 0.99604731798172 763 155 787 183
face 0.9953581690788269 269 196 294 226
face 0.9944381713867188 401 145 424 178
face 0.9942545294761658 755 223 781 257
face 0.9939226508140564 720 174 744 205
face 0.9938985109329224 365 159 391 188
face 0.9908905625343323 252 147 276 174
face 0.9892026782035828 722 143 746 168
face 0.9891383051872253 462 191 486 220
face 0.9884607791900635 604 185 625 215
face 0.9880480766296387 283 169 307 192
face 0.9879542589187622 576 110 598 140
face 0.9826605916023254 516 194 539 222
face 0.9803830981254578 447 163 471 189
face 0.9696148037910461 624 206 649 234
face 0.8135628700256348 511 102 535 127
face 0.7505951523780823 386 457 407 482
