face 0.9991760849952698 655 26 689 70
face 0.9991433620452881 493 172 545 232
face 0.9988178610801697 324 28 354 68
face 0.9987732768058777 265 191 318 256
face 0.9977399110794067 636 238 694 309
face 0.9970932006835938 740 290 821 385
face 0.9966896772384644 916 219 953 267
face 0.9962157607078552 645 146 674 186
face 0.9956804513931274 121 275 179 333
face 0.9870560169219971 547 199 580 245
face 0.9857034087181091 567 30 604 76
face 0.9844448566436768 224 188 248 227
face 0.9758387207984924 236 30 270 73
face 0.973766028881073 317 138 342 171
face 0.9623090624809265 0 24 22 64
face 0.9178889989852905 10 238 34 269
face 0.7097913026809692 948 19 999 85
face 0.6184201240539551 489 537 524 573
