face 0.9984934329986572 264 354 286 383
face 0.9983788728713989 452 495 479 532
face 0.997960090637207 219 444 245 477
face 0.9977553486824036 879 318 904 352
face 0.9975711703300476 623 337 648 371
face 0.9966347813606262 774 333 797 363
face 0.9955030083656311 828 335 853 368
face 0.9946150183677673 598 369 623 405
face 0.9924792051315308 561 362 586 392
face 0.9922566413879395 802 361 826 395
face 0.9875966906547546 294 472 325 510
face 0.9839794635772705 308 347 332 376
face 0.983333170413971 739 332 763 362
face 0.9833065867424011 931 344 955 376
face 0.9832504391670227 212 361 234 388
face 0.9828494191169739 959 348 987 382
face 0.9807604551315308 806 318 829 348
face 0.9776788949966431 178 371 201 400
face 0.9668816328048706 659 338 682 366
face 0.9571689963340759 362 346 386 375
face 0.9479893445968628 495 362 518 388
face 0.9269915819168091 156 355 174 379
face 0.9232149720191956 592 473 615 507
face 0.8927103281021118 117 348 138 372
face 0.8745383620262146 657 474 686 507
face 0.637214720249176 518 365 537 389
