face 0.9994257688522339 921 272 957 306
face 0.9990553259849548 143 279 177 312
face 0.9986165761947632 606 286 639 321
face 0.9980334639549255 51 255 84 285
face 0.9964078068733215 702 278 733 310
face 0.9948042035102844 18 287 54 321
face 0.9941348433494568 92 256 122 285
face 0.9916055202484131 806 284 837 314
face 0.9903146624565125 312 252 338 279
face 0.9865697026252747 278 276 311 309
face 0.9741320013999939 187 261 220 292
face 0.9679254293441772 52 199 68 218
face 0.9610605239868164 574 261 606 291
face 0.9519767761230469 668 265 697 293
face 0.951073944568634 490 273 527 310
face 0.9115864634513855 381 294 413 327
face 0.887021541595459 770 266 800 293
face 0.8809871673583984 741 223 762 243
face 0.8698703050613403 959 259 989 292
face 0.8649046421051025 574 206 592 222
face 0.8392890691757202 626 210 641 226
face 0.8390402793884277 862 263 889 291
face 0.8346402049064636 631 246 651 266
face 0.8280012607574463 755 147 768 161
face 0.8235891461372375 132 240 159 265
face 0.7758789658546448 791 214 809 233
face 0.7491626143455505 516 210 536 228
face 0.7190955281257629 0 194 14 215
face 0.7062119245529175 934 166 948 183
face 0.6972522735595703 710 242 732 261
face 0.6845393180847168 26 212 41 228
face 0.6618614196777344 218 207 239 227
face 0.6595401167869568 804 183 819 198
face 0.6292226910591125 833 193 847 208
face 0.6219432950019836 409 227 433 252
