face 0.9987969398498535 410 145 447 192
face 0.9975023865699768 616 149 656 194
face 0.9957666397094727 259 120 296 168
face 0.9956450462341309 726 88 766 139
face 0.9937385320663452 204 54 221 77
face 0.986772358417511 315 75 347 111
face 0.9683688879013062 562 29 578 46
face 0.9509181380271912 266 76 284 99
face 0.950556755065918 641 80 656 99
face 0.9393488764762878 472 30 485 44
face 0.9175441861152649 492 59 508 78
face 0.9125252962112427 639 44 654 61
face 0.8969697952270508 90 69 114 96
face 0.8414989113807678 603 21 617 36
face 0.8285192251205444 864 36 880 55
face 0.82187819480896 536 45 551 62
face 0.7359364628791809 652 21 666 38
face 0.6615560054779053 535 66 548 83
face 0.6484042406082153 719 17 733 32
face 0.6328651905059814 239 83 256 107
face 0.6229672431945801 698 40 714 61
face 0.6119650602340698 431 80 446 97
