face 0.9997453093528748 255 243 323 328
face 0.9996765851974487 399 307 482 406
face 0.9987635612487793 94 124 124 168
face 0.9987359642982483 247 151 283 198
face 0.9986465573310852 22 221 82 292
face 0.9985418319702148 153 47 182 88
face 0.9983874559402466 645 310 741 445
face 0.9976887702941895 580 1 610 40
face 0.9963700771331787 266 56 301 103
face 0.9959349632263184 519 325 607 439
face 0.9953994154930115 474 160 535 242
face 0.9951097369194031 4 131 44 174
face 0.9938467144966125 194 234 257 314
face 0.9927228093147278 292 31 321 70
face 0.9903227686882019 332 144 383 206
face 0.9806762933731079 764 54 809 121
face 0.9780222177505493 154 237 206 306
face 0.9715259671211243 526 23 559 63
face 0.96101975440979 933 367 1023 528
face 0.952266275882721 721 71 765 132
face 0.8974483609199524 856 236 926 310
face 0.7994327545166016 631 161 687 221
face 0.736827552318573 665 74 708 124
face 0.6652253866195679 518 86 560 127
face 0.6199584603309631 449 138 493 195
