face 0.999833345413208 856 421 888 463
face 0.9997465014457703 326 484 363 529
face 0.9996790885925293 389 531 431 579
face 0.9995027780532837 12 367 47 409
face 0.9994232654571533 135 552 173 603
face 0.9993226528167725 55 313 87 352
face 0.9990378618240356 39 420 74 461
face 0.9988294243812561 548 432 580 470
face 0.9987326264381409 155 367 189 405
face 0.998687207698822 764 463 804 516
face 0.998599112033844 292 318 323 359
face 0.9985059499740601 940 487 975 528
face 0.9984478950500488 183 313 213 349
face 0.998342752456665 891 505 932 557
face 0.9983314871788025 47 519 86 566
face 0.9981821775436401 250 499 290 553
face 0.9981030225753784 962 421 996 459
face 0.9977331161499023 870 376 900 410
face 0.997506320476532 513 520 560 580
face 0.9972054362297058 704 428 738 464
face 0.9971259236335754 252 384 286 424
face 0.9949511289596558 463 463 495 493
face 0.9943318367004395 642 474 689 530
face 0.9943020343780518 364 413 402 451
face 0.9933581948280334 66 456 112 512
face 0.9927238821983337 198 430 238 484
face 0.9925416707992554 824 328 852 362
face 0.9924101829528809 493 402 521 438
face 0.989632248878479 565 332 590 364
face 0.9849135279655457 763 363 791 396
face 0.9839940071105957 924 353 954 386
face 0.9838751554489136 642 324 668 355
face 0.9821397662162781 998 361 1025 405
face 0.9726491570472717 723 303 748 336
face 0.9638231992721558 630 439 659 474
face 0.9093257188796997 513 328 538 359
face 0.8582149147987366 905 664 982 744
