face 0.9647219777107239 248 102 271 128
face 0.9630451798439026 204 120 226 148
face 0.9160068035125732 509 114 531 139
face 0.8954595923423767 717 168 740 196
face 0.8725808262825012 661 125 676 144
face 0.8479814529418945 145 164 167 189
face 0.8138052225112915 83 125 115 166
face 0.8102545142173767 170 111 189 132
face 0.8012537360191345 627 135 643 152
face 0.7812928557395935 299 133 326 167
face 0.7586088180541992 274 129 295 156
face 0.7525396943092346 470 122 486 141
face 0.738221287727356 557 181 579 203
face 0.7273173332214355 584 130 601 150
face 0.6212778091430664 647 175 665 195
face 0.6129074692726135 704 128 718 145
