face 0.9997147917747498 938 376 975 423
face 0.9994994401931763 899 481 939 538
face 0.9977812170982361 556 384 588 428
face 0.9971816539764404 368 391 399 433
face 0.9882479310035706 456 486 486 526
face 0.9875099658966064 331 500 366 560
face 0.9827116131782532 307 384 335 421
face 0.979776918888092 296 527 335 586
face 0.9724271893501282 480 397 506 431
face 0.923916757106781 168 404 192 436
face 0.8942821621894836 248 299 267 328
face 0.7910412549972534 736 374 754 396
face 0.7827020287513733 232 296 251 323
face 0.7819989919662476 707 331 728 354
face 0.7561213970184326 452 345 468 367
face 0.7372291088104248 191 363 210 385
face 0.7256685495376587 408 391 428 419
face 0.7149986028671265 193 260 206 278
face 0.7058964371681213 40 344 56 366
face 0.7015841603279114 140 254 155 276
face 0.6798630952835083 148 475 169 502
face 0.6627383232116699 141 406 160 431
face 0.6239542365074158 517 395 537 423
face 0.6217455267906189 433 322 447 342
face 0.6165075898170471 521 340 537 363
