face 0.9900131225585938 122 331 142 355
face 0.9700216054916382 869 255 891 281
face 0.9611670970916748 204 91 219 110
face 0.9600074887275696 755 259 775 283
face 0.9575886726379395 852 62 867 82
face 0.9571186304092407 727 318 748 345
face 0.948195219039917 497 333 515 359
face 0.9473114013671875 303 397 322 420
face 0.9419671297073364 560 200 577 219
face 0.9360939860343933 332 262 351 286
face 0.9313173294067383 783 146 801 167
face 0.9138566255569458 102 105 117 126
face 0.9125680327415466 670 255 687 278
face 0.9066093564033508 589 322 610 350
face 0.9048842191696167 589 143 606 165
face 0.8926844000816345 471 260 489 278
face 0.8708099722862244 34 79 48 96
face 0.8665546774864197 867 408 892 437
face 0.8496578931808472 694 142 712 167
face 0.8295964598655701 346 80 359 95
face 0.8115266561508179 472 322 490 342
face 0.8090071678161621 740 412 762 437
face 0.8054039478302002 506 138 522 158
face 0.798687756061554 783 198 801 218
face 0.7930694222450256 399 149 417 171
face 0.7890654802322388 870 145 889 170
face 0.7878414988517761 1008 200 1021 223
face 0.7691267728805542 105 54 120 72
face 0.7628301978111267 583 266 599 287
face 0.7536224722862244 852 325 870 347
face 0.7188027501106262 464 66 481 88
face 0.7133269309997559 131 89 147 108
face 0.7126109600067139 997 326 1017 354
face 0.6841814517974854 866 171 882 193
face 0.6746141910552979 931 240 953 267
face 0.6671629548072815 475 205 492 226
face 0.6649048924446106 897 201 917 226
face 0.6447976231575012 228 321 247 347
face 0.6161616444587708 5 345 27 373
face 0.6150890588760376 96 428 114 449
face 0.6067032814025879 363 336 381 356
