face 0.9989487528800964 172 162 221 230
face 0.9984294772148132 154 264 219 360
face 0.9981912970542908 524 220 583 289
face 0.9975937008857727 661 168 716 240
face 0.987375020980835 442 228 492 306
face 0.9845662713050842 846 202 878 242
face 0.9829903841018677 240 130 280 186
face 0.9789648652076721 356 224 410 313
face 0.9707397818565369 303 177 351 225
face 0.9590339064598083 735 190 789 259
face 0.9575695395469666 452 182 492 223
face 0.9557902812957764 272 231 328 319
face 0.9526444673538208 800 187 846 248
face 0.9383578896522522 945 197 988 247
face 0.8518295884132385 56 177 88 221
face 0.8403778672218323 575 187 608 229
face 0.7784627079963684 15 212 48 257
