face 0.9994328618049622 646 422 704 497
face 0.9970779418945312 388 218 416 256
face 0.9950159192085266 434 254 479 308
face 0.9894583225250244 490 327 557 414
face 0.9888340830802917 480 197 503 230
face 0.9887414574623108 196 247 230 289
face 0.9851735830307007 890 350 942 407
face 0.9845438599586487 810 262 845 313
face 0.9798888564109802 445 363 504 456
face 0.9786686897277832 627 245 664 301
face 0.9502836465835571 924 292 963 337
face 0.9411623477935791 229 201 249 224
face 0.9325138330459595 572 311 621 368
face 0.8859516382217407 70 318 128 371
face 0.8535206913948059 189 314 242 376
face 0.8464120626449585 218 314 270 382
face 0.7607066631317139 405 199 424 221
face 0.7053835988044739 509 177 526 206
