face 0.9980553388595581 585 319 617 360
face 0.9980208873748779 677 363 710 407
face 0.9972450733184814 587 248 612 285
face 0.9968276619911194 650 277 681 317
face 0.9963899254798889 939 428 974 472
face 0.9957889914512634 749 303 777 338
face 0.9951140880584717 776 353 806 393
face 0.9943495392799377 884 272 913 310
face 0.993618369102478 498 406 531 449
face 0.9934458136558533 861 343 894 385
face 0.9924941062927246 637 196 659 227
face 0.992148756980896 528 238 550 264
face 0.9896253943443298 499 200 519 225
face 0.9873290061950684 893 173 916 203
face 0.9869028329849243 237 198 259 226
face 0.986610472202301 595 419 627 458
face 0.9853576421737671 171 284 193 310
face 0.9852177500724792 627 236 651 267
face 0.9831244945526123 860 253 886 290
face 0.9818506836891174 530 311 555 347
face 0.981745183467865 439 307 464 340
face 0.9791477918624878 149 205 171 230
face 0.9789122939109802 531 194 552 222
face 0.9755398631095886 5 257 24 285
face 0.972206175327301 588 205 608 230
face 0.969856858253479 33 163 52 186
face 0.9689028859138489 175 241 195 269
face 0.9685497283935547 78 361 111 397
face 0.9663558006286621 272 215 295 246
face 0.9567028880119324 384 279 407 308
face 0.9515517354011536 72 186 92 209
face 0.9503692388534546 90 210 111 235
face 0.940089762210846 909 146 927 168
face 0.9379726052284241 146 315 178 352
face 0.9370729923248291 119 254 141 279
face 0.9301190376281738 307 260 327 285
face 0.9142433404922485 242 147 259 168
face 0.9073173403739929 491 282 518 312
face 0.9062038660049438 416 332 445 367
face 0.8991669416427612 475 350 497 384
face 0.8953343033790588 663 188 681 211
face 0.8803735971450806 828 110 843 127
face 0.8774122595787048 219 179 237 202
face 0.8687551617622375 191 150 206 171
face 0.8596909642219543 736 144 751 164
face 0.8569594621658325 364 200 383 226
face 0.8431177735328674 394 380 426 420
face 0.8405329585075378 131 153 148 174
face 0.8348315954208374 127 128 143 149
face 0.8178710341453552 36 116 50 134
face 0.7824591994285583 730 111 743 126
face 0.7762197256088257 73 163 93 186
face 0.7752270698547363 441 130 458 150
face 0.7728127241134644 784 411 824 452
face 0.7727851867675781 568 187 586 210
face 0.7667410373687744 462 224 480 246
face 0.760680615901947 615 99 627 113
face 0.7421627640724182 679 95 690 110
face 0.738932728767395 887 144 903 163
face 0.7330218553543091 266 146 280 166
face 0.7311490178108215 22 193 41 215
face 0.7303551435470581 675 126 691 144
face 0.7253875732421875 645 171 661 192
face 0.7015585899353027 271 114 283 130
face 0.6782246232032776 59 274 77 296
face 0.6700164675712585 842 139 857 158
face 0.6647794246673584 199 227 219 254
face 0.659529447555542 780 201 798 226
face 0.64835125207901 524 130 538 149
face 0.6431665420532227 475 131 488 148
face 0.6376935243606567 650 143 664 161
face 0.6333391070365906 977 192 997 216
face 0.6191105246543884 800 215 826 249
