face 0.9995255470275879 551 373 590 422
face 0.999401330947876 830 347 862 382
face 0.9991387128829956 454 397 487 437
face 0.9986552000045776 594 410 629 452
face 0.9986069798469543 352 446 387 492
face 0.9985687732696533 166 299 197 335
face 0.9985505938529968 745 386 772 424
face 0.9980176687240601 251 305 283 345
face 0.9979749321937561 86 331 123 370
face 0.997623860836029 699 404 732 439
face 0.9969242215156555 471 319 498 354
face 0.9963046312332153 791 406 830 450
face 0.9961663484573364 899 335 933 376
face 0.9960085153579712 360 333 387 367
face 0.9952640533447266 435 305 462 340
face 0.9952137470245361 121 298 158 339
face 0.9951540231704712 634 340 661 371
face 0.9937080144882202 663 309 689 344
face 0.9924179315567017 327 287 354 322
face 0.9911780953407288 218 336 249 374
face 0.9800409078598022 770 345 797 377
face 0.9689884781837463 548 341 575 371
face 0.9642814993858337 263 402 296 442
