face 0.9999884366989136 615 391 686 485
face 0.9999617338180542 464 317 526 404
face 0.9999333620071411 760 488 832 571
face 0.9999325275421143 306 323 373 400
face 0.9998563528060913 487 165 541 230
face 0.9997827410697937 169 305 225 368
face 0.999586284160614 174 431 232 500
face 0.999461829662323 755 279 807 341
face 0.9994221925735474 276 26 318 75
face 0.9993634819984436 318 162 366 216
face 0.9991942048072815 653 123 704 187
face 0.9991313815116882 718 326 774 402
face 0.9989262223243713 3 375 68 435
face 0.9986568689346313 49 132 105 204
face 0.9985522627830505 887 309 937 371
face 0.9985466599464417 151 231 197 277
face 0.9975154399871826 610 319 660 377
face 0.9891610741615295 798 52 842 106
face 0.9885222911834717 338 279 390 338
face 0.9866774082183838 252 184 288 223
face 0.9485953450202942 542 168 584 219
face 0.721900463104248 977 197 1007 252
face 0.66217041015625 853 473 907 536
