face 0.9998867511749268 627 170 663 214
face 0.9998797178268433 538 166 571 210
face 0.9998711347579956 334 129 369 174
face 0.9997768998146057 447 167 483 210
face 0.9997357726097107 416 137 449 180
face 0.9996670484542847 716 139 750 184
face 0.9996228218078613 365 205 396 242
face 0.9995049238204956 307 173 340 218
face 0.9994480013847351 190 166 229 211
face 0.9993483424186707 646 307 676 346
face 0.9992509484291077 516 134 547 172
face 0.9990893602371216 560 309 593 349
face 0.9990100860595703 838 151 871 194
face 0.9989332556724548 867 207 903 253
face 0.9987596273422241 441 245 479 288
face 0.9985766410827637 241 125 273 168
face 0.9985305070877075 240 217 279 266
face 0.998381495475769 629 386 661 423
face 0.9979878664016724 108 105 145 152
face 0.9979427456855774 762 186 797 230
face 0.9928049445152283 621 128 654 169
face 0.9330477714538574 721 236 752 269
