face 0.9993773102760315 214 310 255 351
face 0.9954837560653687 102 265 144 319
face 0.9942089319229126 691 275 730 319
face 0.9916924238204956 563 273 600 318
face 0.9905967712402344 275 294 313 336
face 0.9876518249511719 448 1025 478 1069
face 0.9868518710136414 108 488 146 538
face 0.9867995381355286 477 267 512 309
face 0.9825782775878906 757 348 795 399
face 0.9819964170455933 642 241 673 283
face 0.9805492758750916 308 255 346 291
face 0.9804603457450867 870 318 910 362
face 0.9772178530693054 810 899 833 935
face 0.975057065486908 435 156 471 194
face 0.9748126864433289 307 149 337 183
face 0.9743980169296265 363 281 397 321
face 0.9737051129341125 361 225 394 259
face 0.966806173324585 280 217 312 254
face 0.9658475518226624 356 848 381 884
face 0.9650015830993652 310 866 338 901
face 0.9628096222877502 820 1037 851 1076
face 0.9579810500144958 715 188 744 224
face 0.9494484663009644 207 859 236 896
face 0.945881724357605 395 872 420 907
face 0.9392059445381165 746 233 780 272
face 0.9336414933204651 361 145 385 176
face 0.93112713098526 402 232 432 269
face 0.9266030788421631 262 873 285 906
face 0.9252522587776184 610 221 639 257
face 0.9248246550559998 611 844 633 874
face 0.9204134941101074 804 290 838 330
face 0.8920844197273254 144 272 177 312
face 0.8848476409912109 306 824 330 861
face 0.8831394910812378 500 840 520 871
face 0.8829984664916992 89 864 114 897
face 0.8794814348220825 108 944 133 982
face 0.877973198890686 423 275 455 310
face 0.8748648166656494 681 866 705 902
face 0.8659053444862366 458 827 480 857
face 0.8606653213500977 189 229 229 268
face 0.8451400399208069 431 834 453 867
face 0.8435012102127075 350 1027 379 1060
face 0.831326425075531 239 500 278 539
face 0.8289016485214233 571 878 597 914
face 0.8272274732589722 741 884 764 923
face 0.8266215324401855 252 1025 281 1061
face 0.8085314631462097 739 1042 767 1079
face 0.8003737926483154 542 215 564 247
face 0.7536591291427612 663 146 696 178
face 0.7520642876625061 650 1033 675 1070
face 0.7460479140281677 509 209 540 248
face 0.7445383667945862 168 491 209 529
face 0.7294690608978271 223 862 251 896
face 0.6567583084106445 575 487 612 537
face 0.6286689639091492 739 851 761 883
face 0.6069513559341431 133 869 155 901
