face 0.9996196031570435 622 270 664 322
face 0.9994725584983826 119 307 166 368
face 0.9994617104530334 672 252 709 302
face 0.9993478655815125 181 232 220 288
face 0.9993333220481873 742 231 782 281
face 0.9992710947990417 930 237 975 288
face 0.9991831183433533 269 326 315 382
face 0.9990436434745789 241 294 275 339
face 0.9989816546440125 412 359 460 411
face 0.9988628625869751 432 255 477 314
face 0.9987597465515137 729 353 772 406
face 0.99777752161026 504 276 542 327
face 0.9974505305290222 604 429 647 481
face 0.997361958026886 356 262 399 312
face 0.9940787553787231 126 240 176 304
face 0.9879354238510132 779 263 811 305
face 0.9855399131774902 698 493 745 545
face 0.9848788380622864 350 317 386 354
face 0.9818763136863708 207 490 253 542
face 0.9806832671165466 243 555 292 610
