face 0.9992032647132874 129 231 164 275
face 0.9986230134963989 396 236 425 276
face 0.9986096620559692 48 275 83 321
face 0.9982319474220276 814 224 844 266
face 0.9978652596473694 757 252 784 289
face 0.9977754950523376 497 221 528 262
face 0.9972108006477356 578 486 608 527
face 0.9959491491317749 190 249 222 293
face 0.9956130981445312 706 203 738 245
face 0.9921471476554871 894 226 928 274
face 0.9919493198394775 655 213 684 255
face 0.9916486740112305 574 237 603 271
face 0.9910056591033936 456 245 484 283
face 0.9905961751937866 383 328 410 366
face 0.9884033799171448 278 523 315 575
face 0.9857006072998047 255 231 285 277
face 0.9756491780281067 141 552 175 593
face 0.9695559740066528 970 237 1006 292
face 0.9692178964614868 319 270 345 305
face 0.9550729393959045 782 214 809 253
face 0.9266582131385803 480 394 509 430
face 0.8607313632965088 573 344 600 381
face 0.8458843231201172 1 542 30 582
face 0.8013558983802795 23 229 62 275
face 0.7843285799026489 552 311 579 347
face 0.6711620688438416 331 242 358 276
face 0.6534183025360107 461 509 492 547
face 0.6478298306465149 750 546 778 580
