face 0.9996603727340698 574 295 619 353
face 0.9995718598365784 759 228 809 288
face 0.9990336894989014 657 116 701 174
face 0.9986118078231812 222 159 261 208
face 0.9984052777290344 502 81 543 134
face 0.9983023405075073 444 307 489 358
face 0.9964459538459778 97 106 143 159
face 0.9952964186668396 796 100 845 157
face 0.994706928730011 103 252 153 313
face 0.9874416589736938 600 382 643 429
face 0.9823935031890869 360 66 404 124
face 0.9788104295730591 309 289 360 354
face 0.8902078866958618 526 292 554 331
