face 0.999765932559967 486 205 516 246
face 0.9991142153739929 136 386 177 434
face 0.9987884163856506 386 313 416 349
face 0.9986843466758728 702 196 731 233
face 0.9985783100128174 212 233 250 281
face 0.9984862208366394 792 186 823 231
face 0.9982345104217529 464 302 495 340
face 0.9980018734931946 744 247 771 287
face 0.9975099563598633 845 253 876 291
face 0.9971676468849182 280 216 315 264
face 0.9967519044876099 654 361 685 398
face 0.9965625405311584 657 217 685 253
face 0.9958552718162537 396 184 427 223
face 0.9954268932342529 238 333 268 370
face 0.994465172290802 173 181 207 223
face 0.9943840503692627 561 274 592 312
face 0.9928478002548218 352 227 388 275
face 0.9913719892501831 585 229 610 261
face 0.9905523061752319 384 222 413 264
face 0.990397572517395 679 259 706 294
face 0.9865334033966064 552 360 579 393
face 0.9821820855140686 778 270 808 310
face 0.8617284893989563 537 179 564 215
face 0.7655819058418274 124 260 148 292
