face 0.999526858329773 701 222 736 263
face 0.9990013241767883 629 195 668 239
face 0.9987577199935913 392 248 419 279
face 0.9983547329902649 860 200 888 234
face 0.9967048764228821 149 215 183 255
face 0.996579110622406 816 226 842 258
face 0.9964234232902527 347 233 372 268
face 0.9931530952453613 803 287 829 318
face 0.9902390241622925 217 222 249 257
face 0.9898339509963989 451 277 476 305
face 0.9869896769523621 435 232 462 266
face 0.979066789150238 871 335 893 363
face 0.9613338708877563 514 246 539 278
face 0.9059600830078125 422 377 443 401
