face 0.9994507431983948 380 24 421 77
face 0.9993636012077332 136 88 171 135
face 0.999018669128418 638 72 674 123
face 0.9987567663192749 891 291 942 355
face 0.9986625909805298 493 51 529 98
face 0.9985066056251526 733 73 772 127
face 0.9982649683952332 841 93 885 151
face 0.9981721639633179 968 54 1018 111
face 0.9979388117790222 559 241 601 292
face 0.9979166388511658 38 63 77 115
face 0.9978112578392029 227 61 267 112
face 0.9969255328178406 783 273 829 334
face 0.9948166012763977 555 69 591 118
face 0.9864511489868164 205 216 252 278
face 0.9863454699516296 664 264 710 315
face 0.9817631840705872 70 268 116 324
face 0.7097671627998352 811 89 837 126
