face 0.9995326995849609 270 306 301 343
face 0.9958757758140564 547 271 569 296
face 0.9949937462806702 236 215 263 245
face 0.9925122261047363 879 453 908 494
face 0.9905607104301453 295 277 319 307
face 0.988690972328186 98 108 135 171
face 0.988315999507904 778 321 805 351
face 0.9877107739448547 418 337 444 368
face 0.9869417548179626 505 313 528 338
face 0.984616219997406 620 303 645 331
face 0.9826878905296326 823 382 858 426
face 0.9810037016868591 442 312 462 335
face 0.9661524295806885 668 317 691 344
face 0.9631611704826355 825 302 847 326
face 0.9620441198348999 366 304 388 329
face 0.9603021740913391 264 268 288 297
face 0.9317557215690613 560 327 584 351
face 0.9213328957557678 957 303 977 324
face 0.9161021113395691 738 297 762 322
face 0.9084445834159851 580 267 600 287
face 0.7518501877784729 412 247 433 270
face 0.7443721890449524 728 301 751 326
