face 0.9769845008850098 639 309 659 335
face 0.9521347284317017 914 309 935 332
face 0.9402537941932678 833 310 854 337
face 0.9269803166389465 787 308 804 333
face 0.9259451031684875 535 311 552 332
face 0.9170552492141724 722 300 740 326
face 0.8525229096412659 563 337 576 357
face 0.8427006602287292 616 322 629 340
face 0.837347686290741 525 312 541 332
face 0.8113908171653748 578 322 593 345
face 0.7715356945991516 701 316 716 338
face 0.7224857211112976 473 318 488 339
face 0.7114150524139404 394 311 408 330
face 0.693867027759552 371 316 385 338
face 0.6587883830070496 416 316 431 336
face 0.6239830255508423 806 293 825 318
face 0.6172810196876526 860 303 878 326
