face 0.9998867511749268 117 437 182 513
face 0.9996001124382019 252 360 309 429
face 0.9983184337615967 610 296 648 338
face 0.9979744553565979 153 197 204 257
face 0.9964807629585266 577 139 612 184
face 0.9963517189025879 658 309 695 350
face 0.994918167591095 555 330 586 367
face 0.9947041869163513 460 179 503 237
face 0.9940959215164185 247 179 289 225
face 0.993962824344635 872 171 914 216
face 0.9891146421432495 737 134 798 214
face 0.977999746799469 512 384 557 447
face 0.9627437591552734 501 181 533 230
face 0.9465724229812622 656 192 684 231
face 0.695075273513794 378 188 397 212
