face 0.9933865666389465 620 316 643 345
face 0.9882864356040955 610 275 629 298
face 0.98747718334198 274 293 299 321
face 0.9868369102478027 919 282 946 315
face 0.9841015934944153 803 285 825 312
face 0.9822767376899719 725 283 749 309
face 0.9780550599098206 576 273 595 300
face 0.9663822650909424 693 276 714 303
face 0.9658298492431641 757 325 780 355
face 0.9515026211738586 851 293 873 318
face 0.946567952632904 168 263 195 294
face 0.9436439871788025 126 264 150 288
face 0.9432615637779236 449 272 469 298
face 0.9368634819984436 74 262 99 286
face 0.9354516267776489 475 312 495 338
face 0.9239903688430786 1004 264 1023 299
face 0.923920750617981 765 251 782 271
face 0.9171531200408936 533 268 556 295
face 0.8899588584899902 638 281 659 305
face 0.8865609765052795 956 293 979 320
face 0.8838696479797363 224 261 245 286
face 0.8745970726013184 487 240 500 260
face 0.8733041882514954 967 236 985 258
face 0.7992874383926392 372 218 387 235
face 0.7725426554679871 784 274 802 296
face 0.7670421600341797 425 261 442 282
face 0.7651959657669067 242 261 261 284
face 0.7546238899230957 62 256 79 278
face 0.7544737458229065 443 217 458 235
face 0.7538919448852539 716 237 735 259
face 0.7460072040557861 473 227 485 245
face 0.7343851923942566 650 233 665 250
face 0.7115220427513123 218 231 235 251
face 0.7015100717544556 343 259 363 281
face 0.6553606986999512 38 275 57 296
face 0.6511347889900208 124 238 140 256
face 0.6506010293960571 303 209 318 227
face 0.6220718622207642 365 284 388 310
face 0.6210049390792847 404 191 417 207
face 0.608879029750824 685 218 703 238
face 0.6087398529052734 866 254 883 274
