face 0.9989827275276184 512 434 550 477
face 0.9987516403198242 963 480 1004 531
face 0.9985281229019165 909 447 949 496
face 0.99826979637146 916 526 957 578
face 0.997986912727356 728 283 768 330
face 0.9979402422904968 129 444 167 489
face 0.9978504180908203 461 509 501 561
face 0.997843861579895 47 443 89 497
face 0.997841477394104 339 553 374 590
face 0.9973849654197693 969 283 1005 327
face 0.997266411781311 858 421 899 471
face 0.997153639793396 621 96 652 132
face 0.9968163371086121 729 590 758 628
face 0.9966362714767456 939 145 974 184
face 0.9956900477409363 824 492 860 543
face 0.9956449270248413 669 80 701 120
face 0.9953354001045227 568 342 605 385
face 0.9951317310333252 557 244 587 281
face 0.9949706196784973 873 167 910 203
face 0.9947769641876221 990 106 1022 147
face 0.9939305782318115 714 108 744 145
face 0.9938615560531616 819 278 857 322
face 0.9936495423316956 328 63 363 103
face 0.9933632612228394 674 11 705 43
face 0.9927794337272644 549 506 586 545
face 0.992728590965271 158 145 198 186
face 0.9925341606140137 667 157 700 194
face 0.9920726418495178 708 324 746 368
face 0.9906242489814758 671 276 709 319
face 0.9903109073638916 606 184 641 227
face 0.9896445274353027 107 265 145 313
face 0.9892600774765015 881 308 920 350
face 0.9879486560821533 616 319 650 357
face 0.9866026639938354 665 492 706 544
face 0.9845048189163208 415 258 452 303
face 0.9825261831283569 403 585 446 624
face 0.9824256896972656 798 398 834 445
face 0.9817718267440796 454 286 495 331
face 0.9799432158470154 462 205 502 249
face 0.9798496961593628 56 384 96 432
face 0.9769247770309448 430 68 458 100
face 0.976569414138794 554 568 591 611
face 0.9758111238479614 821 562 861 610
face 0.9731244444847107 793 0 834 38
face 0.9625587463378906 596 438 633 479
face 0.9593234062194824 785 220 823 261
face 0.9580378532409668 956 212 993 248
face 0.9389445781707764 3 465 39 514
face 0.9284712672233582 787 78 818 121
face 0.922062873840332 343 2 377 35
face 0.9204076528549194 264 552 305 602
face 0.9001342058181763 18 221 49 257
face 0.8819912075996399 471 34 501 73
face 0.8659897446632385 211 111 245 149
face 0.8521097302436829 954 346 994 396
face 0.7939049005508423 48 110 82 156
face 0.7869375348091125 740 250 779 292
face 0.770832896232605 860 251 891 283
face 0.7666411399841309 489 376 533 431
face 0.7566027045249939 754 563 785 599
face 0.7031135559082031 426 196 457 230
face 0.69313645362854 159 276 192 315
