face 0.9999679327011108 261 466 332 548
face 0.9999209642410278 49 561 123 639
face 0.9998925924301147 500 216 570 306
face 0.9998797178268433 745 493 820 598
face 0.9997636675834656 382 482 446 553
face 0.9995837807655334 733 296 808 378
face 0.9995743632316589 315 330 369 400
face 0.9994402527809143 657 269 719 343
face 0.9994267225265503 214 261 280 338
face 0.998448371887207 108 198 169 268
face 0.9982701539993286 637 168 698 244
face 0.9982303977012634 47 311 108 382
face 0.9965561628341675 483 471 542 546
face 0.9945530891418457 906 211 971 285
face 0.9883401393890381 547 354 613 424
face 0.977256178855896 402 111 457 169
face 0.9761391282081604 897 94 948 155
face 0.9705051779747009 219 198 261 245
face 0.9653282761573792 377 278 428 333
face 0.9121667146682739 508 135 564 197
face 0.6704509854316711 376 203 436 266
