face 0.9998468160629272 740 205 866 353
face 0.999843955039978 317 96 372 165
face 0.9995917677879333 461 156 570 279
face 0.9994899034500122 209 107 261 168
face 0.9992319345474243 453 58 497 113
face 0.9977178573608398 615 56 666 122
face 0.9936884045600891 878 12 918 60
face 0.9936859011650085 948 63 1001 128
face 0.9927135109901428 113 54 156 104
face 0.9925992488861084 73 62 111 104
face 0.991549015045166 732 34 765 84
face 0.9902834296226501 11 70 38 106
face 0.9790462255477905 782 62 827 113
face 0.9698686003684998 585 50 616 97
face 0.9573690295219421 927 37 963 84
face 0.9531121850013733 78 145 144 224
face 0.9487107992172241 998 29 1024 69
face 0.9472280740737915 666 25 693 64
face 0.9306460618972778 433 35 466 74
face 0.9299460649490356 810 19 837 57
face 0.9212279915809631 585 15 609 48
face 0.903285562992096 159 81 204 143
face 0.8378444910049438 468 23 496 54
face 0.7693924903869629 501 47 532 95
face 0.7570401430130005 406 50 431 83
