face 0.9999716281890869 24 133 103 216
face 0.9999462366104126 886 100 968 196
face 0.9999356269836426 637 184 741 321
face 0.999884843826294 258 19 327 97
face 0.9998157620429993 291 127 367 221
face 0.9995328187942505 829 7 914 106
face 0.9993566870689392 170 154 270 277
face 0.9989802241325378 556 108 638 212
face 0.9988629817962646 95 0 154 64
face 0.9982277750968933 940 -1 1003 68
face 0.9980406165122986 409 0 454 51
face 0.9960514903068542 209 23 246 70
face 0.9914343357086182 157 19 207 78
face 0.9808744788169861 326 19 386 91
face 0.978322446346283 766 1 812 48
face 0.9685172438621521 656 3 686 37
face 0.9200429916381836 0 50 63 132
face 0.9127408862113953 507 -2 566 55
face 0.8154596090316772 707 -4 770 49
face 0.7116415500640869 569 2 610 52
