face 0.9999841451644897 393 191 457 281
face 0.9999440908432007 97 240 184 338
face 0.9997361302375793 724 238 794 328
face 0.9995691180229187 815 314 922 431
face 0.9995368719100952 876 211 937 282
face 0.9991031885147095 564 220 593 256
face 0.9990665316581726 668 165 698 204
face 0.9989944100379944 228 255 265 300
face 0.9983710646629333 633 185 658 219
face 0.9977946281433105 820 187 850 225
face 0.9931720495223999 302 233 328 262
face 0.9896475672721863 669 253 712 313
face 0.9869170188903809 237 213 262 244
face 0.6665705442428589 771 196 799 221
