face 0.9994540810585022 142 283 191 344
face 0.9993335604667664 16 168 56 220
face 0.9992337226867676 863 169 904 224
face 0.998504638671875 93 64 134 112
face 0.998414158821106 813 81 854 127
face 0.998185932636261 794 225 833 275
face 0.9977126121520996 680 202 720 254
face 0.9952280521392822 345 264 397 337
face 0.9931882619857788 217 256 266 321
face 0.9898217916488647 496 159 536 209
face 0.989177942276001 720 0 763 55
face 0.9868326187133789 302 149 345 199
face 0.9847636818885803 574 122 615 173
face 0.9797113537788391 685 68 719 112
face 0.977666437625885 316 210 361 256
face 0.9654749035835266 448 66 478 108
face 0.9549261331558228 459 219 505 279
face 0.928808867931366 645 144 682 182
face 0.8583325743675232 359 399 405 453
face 0.7972565293312073 178 199 225 255
face 0.7939475178718567 779 281 821 334
face 0.7405037879943848 435 198 465 247
face 0.7170600891113281 510 106 533 133
face 0.6528310179710388 631 171 664 214
face 0.629817008972168 108 -4 145 23
