face 0.9987389445304871 325 465 368 517
face 0.9986610412597656 765 546 825 632
face 0.9983168840408325 439 344 469 377
face 0.9905852675437927 406 374 438 413
face 0.9770317673683167 584 364 615 407
face 0.9745427966117859 42 239 74 269
face 0.9551336169242859 425 470 462 518
face 0.9432468414306641 805 225 829 257
face 0.9401472806930542 3 380 38 420
face 0.9131008982658386 496 376 530 415
face 0.9102088809013367 191 224 213 250
face 0.8550578951835632 19 226 36 246
face 0.8422375917434692 684 183 703 206
face 0.8291234970092773 224 207 245 234
face 0.7974720001220703 233 345 273 408
face 0.797157347202301 104 357 142 403
face 0.7778186798095703 103 235 122 256
face 0.725057065486908 168 212 187 235
face 0.6188408136367798 300 446 333 487
