face 0.9999020099639893 465 365 529 435
face 0.9997643828392029 137 293 216 377
face 0.9996918439865112 777 291 857 389
face 0.9995101690292358 170 126 214 178
face 0.9989506006240845 703 128 753 188
face 0.9980483055114746 504 111 544 158
face 0.9977834820747375 803 110 836 150
face 0.9976983666419983 884 99 917 134
face 0.9950272440910339 107 93 137 125
face 0.991801917552948 653 144 683 190
face 0.9904261231422424 785 88 815 119
face 0.9773402214050293 216 101 244 137
face 0.9765507578849792 990 86 1012 112
face 0.910761296749115 258 120 294 185
