face 0.9990134239196777 223 187 255 226
face 0.9968656897544861 73 267 109 311
face 0.9965207576751709 277 217 314 262
face 0.9945430755615234 789 383 834 437
face 0.9930891394615173 948 302 987 354
face 0.9919186234474182 17 363 62 414
face 0.9892958998680115 851 323 888 373
face 0.9602795243263245 178 228 206 263
face 0.9408255815505981 885 162 910 195
face 0.9375457167625427 389 223 408 254
face 0.8660501837730408 808 486 864 550
face 0.8584104776382446 82 130 112 169
face 0.7984156012535095 355 154 377 181
face 0.7817705869674683 919 394 954 439
face 0.7751640677452087 285 169 309 199
face 0.7346760034561157 947 177 983 214
face 0.7069651484489441 315 371 358 432
face 0.6787197589874268 400 45 415 68
face 0.6413201093673706 22 70 38 90
