face 0.9998416900634766 5 492 85 561
face 0.9984316229820251 901 506 941 554
face 0.9938674569129944 822 512 850 548
face 0.9889122247695923 996 480 1024 515
face 0.9880822896957397 482 292 504 319
face 0.9865878224372864 662 443 688 472
face 0.9837925434112549 717 429 738 455
face 0.9818131923675537 471 255 488 279
face 0.9403455257415771 981 420 1006 440
face 0.9324671626091003 725 397 740 415
face 0.9031144976615906 891 393 910 414
face 0.8970307111740112 958 396 976 415
face 0.8913047313690186 856 419 880 441
face 0.8819308876991272 506 266 525 289
face 0.8383872509002686 936 427 961 450
face 0.8224303722381592 817 394 833 413
face 0.8186621069908142 358 281 375 301
face 0.8074950575828552 965 583 1016 630
face 0.7969287037849426 394 259 408 280
face 0.7943769693374634 986 340 999 354
face 0.7451292276382446 839 470 859 494
face 0.7035937309265137 962 348 977 362
face 0.6654527187347412 868 389 882 406
face 0.6588325500488281 918 340 931 354
face 0.6273596882820129 913 372 927 387
face 0.6138848066329956 290 299 305 316
