face 0.9786930084228516 224 274 242 299
face 0.9768924713134766 242 419 262 446
face 0.9734159111976624 173 450 192 476
face 0.9538426995277405 354 342 374 366
face 0.9512173533439636 442 455 461 482
face 0.9508274793624878 166 331 186 357
face 0.9477663636207581 318 435 336 460
face 0.9400690197944641 624 456 641 477
face 0.9392691254615784 864 446 882 470
face 0.9381371736526489 99 444 117 469
face 0.9241458773612976 381 435 399 460
face 0.9091147184371948 104 240 119 262
face 0.9090547561645508 238 309 256 332
face 0.9035594463348389 147 383 167 409
face 0.8998355269432068 530 394 548 419
face 0.8817750215530396 27 308 45 333
face 0.8784509301185608 500 448 518 471
face 0.8722708821296692 21 459 39 484
face 0.8387722373008728 315 261 331 286
face 0.8164041638374329 66 336 84 359
face 0.7960711717605591 41 445 62 473
face 0.7934332489967346 40 234 57 257
face 0.7930403351783752 482 404 497 424
face 0.7875534296035767 768 418 784 439
face 0.7816327810287476 81 285 98 310
face 0.7600282430648804 913 432 931 456
face 0.737781286239624 13 350 31 375
face 0.7149838209152222 364 427 381 450
face 0.7109490036964417 274 395 292 419
face 0.700875997543335 300 330 317 356
face 0.6767522096633911 173 263 189 287
face 0.6587214469909668 265 204 282 228
face 0.6299212574958801 24 259 40 282
