face 0.9993195533752441 638 58 682 105
face 0.9991975426673889 271 233 315 281
face 0.9991307854652405 33 66 63 96
face 0.9981801509857178 805 178 844 224
face 0.9977434873580933 483 238 519 278
face 0.9971423745155334 839 66 871 103
face 0.9969909191131592 71 87 101 120
face 0.9942334294319153 789 71 820 104
face 0.992712140083313 882 203 913 240
face 0.9813228845596313 478 96 516 138
face 0.9330308437347412 703 64 729 93
face 0.9283260107040405 162 81 181 103
face 0.7934605479240417 951 96 977 125
