face 0.999795138835907 571 157 625 229
face 0.9994046688079834 430 181 478 247
face 0.9980601668357849 115 129 168 193
face 0.9963815212249756 9 145 51 204
face 0.990846574306488 200 130 245 184
face 0.9761990308761597 723 157 758 230
face 0.9748390316963196 514 157 559 222
face 0.9740128517150879 529 93 567 140
face 0.9710754156112671 648 157 683 218
face 0.9651407599449158 294 134 336 200
face 0.853376567363739 945 180 974 217
face 0.8175577521324158 902 141 936 198
face 0.8002736568450928 808 156 848 211
