face 0.9998841285705566 233 296 306 392
face 0.9971907734870911 906 275 934 311
face 0.9948163628578186 11 369 95 488
face 0.9937022924423218 653 274 686 320
face 0.9936508536338806 763 276 791 312
face 0.9877815246582031 396 277 423 313
face 0.9509197473526001 312 292 358 373
face 0.927245557308197 427 316 474 383
face 0.8446692228317261 791 277 814 315
face 0.8287492394447327 744 331 774 364
face 0.6871746182441711 566 314 599 370
face 0.6174066662788391 717 281 732 299
face 0.6049913763999939 935 265 956 293
