face 0.9947471022605896 835 327 863 361
face 0.9887304902076721 880 333 904 363
face 0.9772103428840637 144 432 170 462
face 0.9756497144699097 717 278 750 319
face 0.9063395857810974 997 350 1019 382
face 0.8882496356964111 256 337 268 354
face 0.835472047328949 168 361 187 383
face 0.8263155221939087 598 322 619 348
face 0.8236519694328308 40 349 54 366
face 0.7774159908294678 474 307 502 343
face 0.7540484070777893 548 313 566 335
face 0.7421292662620544 935 334 957 362
face 0.6915441751480103 123 369 143 392
