face 0.9992960691452026 940 398 998 465
face 0.9992035031318665 201 404 260 468
face 0.9986838698387146 308 274 344 318
face 0.9980207681655884 156 265 194 310
face 0.9979292154312134 102 454 166 536
face 0.9976531863212585 414 192 449 226
face 0.9974178075790405 98 207 134 243
face 0.9973100423812866 86 296 136 343
face 0.9970801472663879 811 481 871 557
face 0.9968389272689819 502 298 552 349
face 0.9962055683135986 396 238 428 271
face 0.9958729147911072 595 418 642 471
face 0.9955244064331055 498 420 542 478
face 0.9949594736099243 194 189 218 221
face 0.9947385191917419 483 209 513 246
face 0.9946678876876831 537 257 570 297
face 0.9946547746658325 503 521 569 578
face 0.9937750101089478 763 319 803 356
face 0.9916342496871948 103 137 128 165
face 0.9915414452552795 361 224 391 264
face 0.991098940372467 711 403 752 450
face 0.9906071424484253 432 305 471 359
face 0.9903140664100647 670 331 718 385
face 0.9883904457092285 263 359 315 411
face 0.9880205988883972 322 466 371 520
face 0.984334409236908 507 359 552 416
face 0.9840025305747986 753 368 796 410
face 0.983022153377533 613 331 653 386
face 0.9797983169555664 331 217 355 253
face 0.9791646003723145 755 419 796 471
face 0.976592481136322 222 248 254 288
face 0.9753893613815308 209 134 232 161
face 0.973517894744873 869 337 897 366
face 0.9658081531524658 648 438 694 491
face 0.9570095539093018 960 153 979 177
face 0.949893593788147 573 239 603 273
face 0.9420924782752991 214 497 293 576
face 0.9378713965415955 155 205 184 238
face 0.9372281432151794 646 262 687 301
face 0.9130189418792725 269 223 301 259
face 0.9109165668487549 13 208 46 239
face 0.9079945087432861 158 167 182 196
face 0.8746842741966248 924 174 947 198
face 0.8649819493293762 -1 301 30 364
face 0.8626806139945984 281 276 304 310
face 0.8552930951118469 548 372 592 431
face 0.8483626246452332 135 195 157 225
face 0.8127040266990662 309 167 332 194
face 0.8092871904373169 92 251 126 287
face 0.7933312058448792 367 289 407 333
face 0.790766716003418 342 191 368 223
face 0.7417857050895691 894 208 910 227
face 0.6235274076461792 947 225 977 263
