face 0.9980423450469971 454 396 479 428
face 0.9969246983528137 180 516 216 566
face 0.9962626099586487 594 503 627 547
face 0.9960088729858398 171 378 200 414
face 0.995808482170105 659 606 710 672
face 0.99103844165802 39 387 74 433
face 0.9881717562675476 887 431 916 478
face 0.9839772582054138 248 394 272 424
face 0.98110032081604 387 428 411 461
face 0.977266252040863 978 477 1004 517
face 0.9736136794090271 845 507 882 567
face 0.9683415293693542 262 451 283 480
face 0.9615566730499268 515 445 541 477
face 0.9584442377090454 754 432 775 461
face 0.9375556707382202 603 383 625 412
face 0.8870004415512085 294 426 313 454
face 0.8770021200180054 547 359 562 382
face 0.8644675612449646 488 386 509 415
face 0.8563379049301147 331 444 353 476
face 0.853407621383667 336 514 363 553
face 0.8191075921058655 583 359 602 385
face 0.7880443930625916 689 445 707 473
face 0.7340807318687439 369 379 386 403
face 0.7011170983314514 287 453 308 485
face 0.6152852177619934 88 481 120 523
