face 0.9999333620071411 543 461 611 551
face 0.999891996383667 224 521 314 628
face 0.9998295307159424 290 432 346 506
face 0.9995656609535217 862 454 938 546
face 0.9995587468147278 799 453 853 529
face 0.998731791973114 456 434 508 509
face 0.994540274143219 162 374 202 431
face 0.993293046951294 91 345 127 409
face 0.9897915124893188 479 366 522 423
face 0.9872294664382935 728 518 776 606
face 0.984980583190918 410 469 452 547
face 0.9795531630516052 349 361 385 412
face 0.946230411529541 836 583 902 682
face 0.9388201832771301 554 407 617 483
face 0.7424200773239136 842 398 876 434
face 0.7312511801719666 248 460 293 521
face 0.6791642904281616 57 303 79 328
face 0.6754871606826782 609 382 647 438
face 0.6139546036720276 407 338 437 374
