face 0.9942960143089294 125 538 143 559
face 0.9938905239105225 455 510 472 531
face 0.9885696768760681 740 331 756 349
face 0.9885342717170715 116 510 135 531
face 0.9850157499313354 601 455 620 478
face 0.9834149479866028 614 301 628 318
face 0.982840895652771 879 539 900 563
face 0.9819211959838867 283 499 300 520
face 0.9813637733459473 92 279 104 294
face 0.9811094999313354 586 492 604 513
face 0.9803138971328735 365 582 386 606
face 0.9797701835632324 314 489 330 513
face 0.9790992140769958 926 539 950 566
face 0.9776554107666016 978 434 997 458
face 0.9749137163162231 170 509 189 531
face 0.9735466837882996 161 641 183 666
face 0.9722239971160889 493 444 510 465
face 0.9699161648750305 667 233 679 248
face 0.9698492288589478 399 506 416 526
face 0.9687556028366089 655 316 669 333
face 0.9682660698890686 1004 578 1021 605
face 0.9678401350975037 59 492 76 512
face 0.966873288154602 406 475 423 496
face 0.966100811958313 752 361 767 381
face 0.962573766708374 767 534 788 562
face 0.9619178771972656 796 391 810 409
face 0.9617348313331604 958 314 971 330
face 0.9576541781425476 618 433 636 455
face 0.9523062705993652 228 649 246 675
face 0.9512633085250854 21 433 38 455
face 0.9510701298713684 464 480 482 502
face 0.9462388753890991 917 483 937 505
face 0.9418551921844482 895 406 911 426
face 0.9395732879638672 570 547 591 571
face 0.9368309378623962 715 301 729 316
face 0.9328629970550537 15 568 33 591
face 0.9291993975639343 278 324 294 344
face 0.927367627620697 842 263 856 280
face 0.9261118173599243 867 463 886 484
face 0.9226025938987732 40 285 52 300
face 0.9225007891654968 500 225 514 242
face 0.9217185974121094 120 472 137 493
face 0.920821487903595 750 419 766 439
face 0.9206975698471069 822 231 835 245
face 0.9204711318016052 883 234 895 249
face 0.9199525713920593 347 447 364 467
face 0.9181656837463379 476 310 489 327
face 0.9166523218154907 470 280 484 297
face 0.9163951873779297 681 198 693 212
face 0.915690004825592 106 581 125 606
face 0.9126514196395874 334 510 353 531
face 0.9102693200111389 419 280 432 295
face 0.9091343283653259 96 424 113 444
face 0.9084866642951965 934 262 945 278
face 0.9084330797195435 262 574 283 597
face 0.9057252407073975 584 326 597 344
face 0.9054445624351501 473 403 489 421
face 0.9004335403442383 155 472 173 493
face 0.8912256360054016 417 445 434 465
face 0.886532187461853 845 412 862 430
face 0.8855530023574829 411 521 431 545
face 0.885230302810669 424 209 437 224
face 0.8836033940315247 191 431 206 451
face 0.8830856680870056 664 353 679 371
face 0.8828970789909363 716 271 729 285
face 0.882355809211731 516 460 535 482
face 0.880583643913269 12 412 28 433
face 0.8778454065322876 958 238 971 254
face 0.8741255402565002 527 303 539 317
face 0.8640071153640747 21 518 40 539
face 0.8579649925231934 264 275 279 293
face 0.8579056262969971 421 340 434 355
face 0.8556813597679138 834 313 848 329
face 0.8542925715446472 431 416 445 434
face 0.8514016270637512 246 470 264 492
face 0.8497815728187561 82 458 101 479
face 0.8484034538269043 627 387 642 406
face 0.8381967544555664 564 281 576 297
face 0.8378291726112366 643 478 660 499
face 0.8356920480728149 898 309 911 324
face 0.8315137028694153 749 486 765 508
face 0.8280409574508667 135 301 150 319
face 0.8164381384849548 681 389 696 407
face 0.8158851265907288 498 284 513 301
face 0.812882125377655 701 412 716 430
face 0.8112039566040039 398 250 410 266
face 0.8016718029975891 681 247 694 261
face 0.8011412024497986 863 178 875 191
face 0.8001559972763062 898 263 911 279
face 0.7981207370758057 990 388 1006 409
face 0.7968510389328003 412 231 423 245
face 0.7962805032730103 347 414 363 432
face 0.7954514026641846 589 260 604 278
face 0.7951046228408813 847 197 859 211
face 0.7915065288543701 515 565 533 589
face 0.7909318804740906 743 108 754 122
face 0.7893232107162476 452 202 465 217
face 0.7834849953651428 694 321 709 338
face 0.7823236584663391 154 283 168 300
face 0.7815317511558533 903 365 918 383
face 0.7800381183624268 829 188 841 201
face 0.779877781867981 872 223 885 238
face 0.7782026529312134 796 267 809 281
face 0.7767912745475769 744 247 755 262
face 0.7760644555091858 127 217 138 230
face 0.7682114839553833 245 370 260 389
face 0.7678497433662415 39 316 51 330
face 0.7664147615432739 50 371 64 390
face 0.7653195858001709 369 242 381 256
face 0.7646294832229614 40 355 53 372
face 0.7633901834487915 867 249 880 264
face 0.7621544003486633 782 435 801 458
face 0.7620539665222168 183 258 195 273
face 0.7592098116874695 801 288 814 304
face 0.7556207180023193 52 315 65 331
face 0.7543068528175354 501 313 514 330
face 0.7448987364768982 94 239 106 253
face 0.7446174621582031 482 426 497 444
face 0.7417417168617249 22 244 34 257
face 0.7414256930351257 411 157 422 169
face 0.739226758480072 233 490 250 510
face 0.7316404581069946 571 305 585 322
face 0.7313893437385559 356 157 367 169
face 0.725155770778656 21 362 36 380
face 0.7224503755569458 280 438 296 458
face 0.7223074436187744 117 322 130 337
face 0.7134292125701904 810 254 822 268
face 0.7102600336074829 896 291 909 306
face 0.7001522183418274 787 486 805 507
face 0.6993940472602844 151 322 165 340
face 0.69364333152771 958 180 970 194
face 0.6922636032104492 357 473 372 492
face 0.6909124255180359 972 216 987 232
face 0.6819578409194946 72 315 85 330
face 0.6808393001556396 910 186 922 201
face 0.6760591268539429 341 394 355 409
face 0.6742882132530212 687 445 703 464
face 0.674071729183197 452 236 464 251
face 0.6712095141410828 828 403 844 422
face 0.6706126928329468 369 381 383 398
face 0.6701174974441528 176 237 187 250
face 0.6696742177009583 976 300 987 314
face 0.6650964617729187 666 541 685 567
face 0.6624802947044373 891 191 904 205
face 0.6614614129066467 23 474 38 491
face 0.6602796912193298 357 301 369 315
face 0.6590259075164795 653 261 668 278
face 0.6559478044509888 961 421 976 440
face 0.6552015542984009 294 651 315 675
face 0.654276430606842 141 621 158 644
face 0.6523717045783997 274 465 289 485
face 0.6507334113121033 684 473 702 496
face 0.6502598524093628 142 405 161 428
face 0.6454792022705078 306 219 318 235
face 0.6398018598556519 821 132 832 144
face 0.6331340074539185 230 244 243 260
face 0.6308412551879883 496 193 509 209
face 0.6237603425979614 895 169 907 182
face 0.6227596998214722 732 198 744 211
face 0.6188191175460815 424 300 436 313
face 0.6128385663032532 989 266 1001 280
face 0.6115760803222656 746 172 758 186
