face 0.9937270879745483 158 145 184 180
face 0.9261452555656433 809 545 831 568
face 0.8922638893127441 978 481 1000 507
face 0.887035071849823 637 392 650 407
face 0.8225190043449402 769 566 789 592
face 0.8133987188339233 692 413 705 429
face 0.7739246487617493 909 431 923 448
face 0.7665929198265076 850 556 871 581
face 0.7476709485054016 963 448 980 468
face 0.6838052868843079 322 371 335 386
face 0.6726020574569702 889 456 906 477
face 0.6710898280143738 758 450 771 466
face 0.6587594747543335 941 372 957 391
face 0.6255801320075989 904 475 918 492
face 0.6043331027030945 773 492 791 512
