face 0.999057948589325 211 144 246 189
face 0.9990493655204773 783 145 812 186
face 0.9989622831344604 79 138 112 182
face 0.9967696666717529 494 164 525 205
face 0.9944463968276978 359 140 392 181
face 0.9906340837478638 590 130 622 178
face 0.9814976453781128 278 144 305 181
face 0.974390983581543 896 254 926 292
face 0.9564809799194336 272 200 310 246
face 0.9529040455818176 666 180 692 215
face 0.9446393251419067 758 145 785 177
face 0.9258334040641785 825 124 856 164
face 0.9101321697235107 940 166 972 207
face 0.8780134320259094 148 135 174 166
face 0.7599359750747681 528 156 553 186
face 0.7387017011642456 465 153 485 184
face 0.7115798592567444 929 218 950 243
face 0.6614136099815369 384 120 412 157
