face 0.9997780919075012 820 476 892 559
face 0.9994581341743469 788 563 856 649
face 0.9993695616722107 350 501 406 577
face 0.9992538094520569 243 551 303 634
face 0.9990678429603577 753 175 785 216
face 0.9989911913871765 327 105 355 138
face 0.9987241625785828 159 258 194 305
face 0.9987136125564575 608 161 640 202
face 0.9987037181854248 673 418 724 481
face 0.9983794689178467 893 341 944 402
face 0.9983079433441162 474 172 509 216
face 0.9980958104133606 108 264 155 319
face 0.9975692629814148 273 192 300 230
face 0.9975125789642334 444 152 473 193
face 0.9973896145820618 659 228 702 272
face 0.9973368048667908 702 318 750 377
face 0.9972127079963684 577 60 608 91
face 0.9969004392623901 922 196 954 234
face 0.9967967867851257 315 325 363 390
face 0.9967317581176758 340 57 361 84
face 0.9966651797294617 732 78 759 112
face 0.9962860345840454 617 79 645 112
face 0.9958694577217102 404 260 455 327
face 0.9957142472267151 -1 229 30 277
face 0.9954224228858948 571 328 614 376
face 0.9944776296615601 330 427 396 499
face 0.9943095445632935 880 152 909 188
face 0.9942715167999268 170 189 211 230
face 0.992969810962677 66 205 104 251
face 0.9928420782089233 380 332 432 394
face 0.9922646284103394 848 217 890 261
face 0.9920487999916077 279 431 330 489
face 0.9916143417358398 246 94 269 126
face 0.9914717078208923 5 329 50 387
face 0.9904296398162842 108 146 137 178
face 0.990207850933075 270 263 320 326
face 0.9901983737945557 212 284 261 347
face 0.9899604320526123 659 128 687 162
face 0.9877113699913025 472 293 514 349
face 0.9860337376594543 61 143 92 174
face 0.9849953055381775 235 227 276 276
face 0.9780539274215698 484 126 513 160
face 0.977775514125824 343 278 391 338
face 0.9762952327728271 140 480 177 553
face 0.9760854244232178 240 176 272 213
face 0.9758988618850708 486 243 531 296
face 0.9700433611869812 30 147 59 180
face 0.9689757227897644 3 397 60 466
face 0.9671139121055603 862 66 886 91
face 0.9655455946922302 275 325 319 380
face 0.9584004878997803 663 176 702 214
face 0.9578956961631775 146 148 174 184
face 0.9562787413597107 85 235 123 284
face 0.9539563059806824 874 305 909 363
face 0.9537723660469055 446 373 486 434
face 0.9522731900215149 666 64 692 93
face 0.9501797556877136 476 436 520 507
face 0.9479373097419739 859 114 883 144
face 0.9452439546585083 944 118 969 150
face 0.9418860673904419 575 132 607 166
face 0.9359453916549683 545 217 587 264
face 0.9216358661651611 740 142 768 174
face 0.9182560443878174 647 82 668 110
face 0.9108957052230835 366 158 401 194
face 0.8995554447174072 776 199 811 239
face 0.8962127566337585 733 448 775 517
face 0.8768929839134216 141 99 166 126
face 0.8632564544677734 75 392 125 456
face 0.8560908436775208 353 228 399 272
face 0.8465455770492554 35 220 63 258
face 0.8285209536552429 698 214 733 257
face 0.8192580938339233 574 479 616 534
face 0.8072999715805054 36 80 57 106
face 0.7962974309921265 69 88 94 117
face 0.7776021361351013 844 169 875 202
face 0.772955596446991 461 651 499 689
face 0.7702532410621643 567 113 594 142
face 0.7624069452285767 170 74 190 99
face 0.7115669250488281 144 225 177 262
face 0.7064191699028015 752 248 780 295
face 0.6174558997154236 818 74 841 101
face 0.600389838218689 520 199 559 243
