face 0.9985717535018921 325 413 352 443
face 0.9981106519699097 659 484 692 522
face 0.9971590042114258 553 484 583 522
face 0.997011661529541 298 488 329 521
face 0.9954028129577637 485 435 510 469
face 0.9952678084373474 993 457 1023 491
face 0.9948369264602661 579 402 602 429
face 0.994752049446106 764 400 786 427
face 0.9940060377120972 715 360 735 384
face 0.9930944442749023 53 433 80 464
face 0.9928334951400757 848 425 873 453
face 0.9917066097259521 654 427 683 455
face 0.9907780885696411 761 458 787 487
face 0.9794138073921204 921 377 938 398
face 0.9790745377540588 417 514 445 551
face 0.9645773768424988 999 396 1020 425
face 0.9642622470855713 480 398 497 418
face 0.9602689743041992 79 380 100 402
face 0.9572169184684753 248 368 268 393
face 0.9553658366203308 879 520 911 558
face 0.9543350338935852 717 332 732 350
face 0.9542059898376465 765 301 781 319
face 0.9475947618484497 391 437 411 464
face 0.9451895952224731 310 384 331 408
face 0.9446364641189575 204 380 223 406
face 0.9377011656761169 949 432 973 457
face 0.9370852112770081 229 483 259 514
face 0.926534116268158 526 393 542 417
face 0.9242671728134155 316 325 332 343
face 0.918368935585022 950 349 970 372
face 0.9110262989997864 845 397 863 418
face 0.8994667530059814 368 323 382 338
face 0.8899750113487244 672 320 687 340
face 0.8890784382820129 833 340 849 358
face 0.8738732933998108 62 345 77 361
face 0.8680580258369446 917 479 946 510
face 0.8557107448577881 769 219 782 232
face 0.8522939085960388 809 227 825 244
face 0.8440821170806885 420 335 434 352
face 0.8355075716972351 712 308 730 326
face 0.8214279413223267 778 344 796 363
face 0.8057525753974915 847 367 865 387
face 0.8054845929145813 2 373 22 399
face 0.7743905186653137 362 307 374 319
face 0.759326696395874 861 330 875 346
face 0.7562004923820496 686 221 701 237
face 0.7147262692451477 470 330 484 345
face 0.7057992815971375 593 343 608 362
face 0.6787005662918091 145 340 157 354
face 0.661163866519928 995 225 1008 240
face 0.655678927898407 616 211 629 225
face 0.6522287130355835 865 227 878 242
face 0.6156583428382874 796 362 813 383
