face 0.9999099969863892 819 62 899 154
face 0.9997503161430359 79 53 137 126
face 0.9996744394302368 338 67 404 167
face 0.9990979433059692 738 434 842 569
face 0.9982365369796753 261 146 325 237
face 0.9956811666488647 126 104 187 198
face 0.9953422546386719 626 96 678 179
face 0.9937731623649597 923 47 982 118
face 0.9931154847145081 498 147 563 253
face 0.989212155342102 958 118 1021 210
face 0.9848226308822632 476 557 574 697
face 0.9651655554771423 726 198 788 276
face 0.963595986366272 366 324 479 449
face 0.9573105573654175 765 43 813 109
face 0.9541661739349365 580 592 696 718
face 0.8343178629875183 928 208 1001 319
face 0.743979811668396 831 23 864 55
face 0.7155477404594421 232 87 280 162
face 0.7094458341598511 768 131 819 184
