face 0.9681366682052612 712 237 728 258
face 0.9660504460334778 443 460 462 482
face 0.954628586769104 534 129 551 152
face 0.9524276256561279 199 82 218 102
face 0.9482627511024475 577 414 597 437
face 0.9424002170562744 26 377 43 399
face 0.9408472180366516 941 504 959 525
face 0.9319884181022644 753 440 771 461
face 0.9306002259254456 140 311 156 331
face 0.9247980117797852 105 383 123 405
face 0.9154137372970581 584 459 604 480
face 0.9049902558326721 864 496 881 518
face 0.9030422568321228 792 456 808 477
face 0.8973492980003357 160 423 177 444
face 0.8951743245124817 748 233 765 254
face 0.8950605988502502 289 439 306 459
face 0.8905068039894104 814 260 831 281
face 0.8862144351005554 857 312 876 336
face 0.8853369951248169 103 428 122 450
face 0.8842756748199463 891 191 908 213
face 0.8826823830604553 500 323 518 343
face 0.8784981369972229 776 225 794 245
face 0.8773389458656311 400 130 416 151
face 0.8753986358642578 642 219 661 244
face 0.8751757144927979 178 391 195 411
face 0.8709394335746765 186 357 204 378
face 0.8648723363876343 300 336 317 358
face 0.8556976914405823 841 450 857 470
face 0.851811945438385 627 441 645 463
face 0.8484017848968506 642 379 659 399
face 0.8478270173072815 255 387 272 408
face 0.8356372714042664 902 518 921 539
face 0.8303404450416565 489 134 507 158
face 0.8159335851669312 554 139 571 162
face 0.8037363290786743 646 470 663 492
face 0.796818733215332 725 409 741 429
face 0.7860144376754761 41 412 57 432
face 0.7849145531654358 648 422 666 443
face 0.7742339968681335 234 292 253 316
face 0.7610008716583252 429 365 446 389
face 0.7566099762916565 447 136 463 155
face 0.7527213096618652 284 90 301 110
face 0.7430379390716553 340 445 357 467
face 0.7371774911880493 952 651 971 675
face 0.724970281124115 544 492 563 513
face 0.7232255935668945 738 514 757 536
face 0.7205686569213867 394 256 411 276
face 0.7194705605506897 718 467 737 488
face 0.715388834476471 663 397 679 416
face 0.7083550691604614 463 377 480 400
face 0.7079326510429382 683 426 702 448
face 0.7050051689147949 306 407 323 426
face 0.6689144372940063 334 108 351 129
face 0.6532726883888245 602 496 620 515
face 0.6512966156005859 546 304 564 326
face 0.6345627307891846 94 315 111 336
face 0.631942093372345 24 300 39 318
face 0.6262222528457642 766 388 783 408
face 0.6148857474327087 75 265 94 287
face 0.6124058365821838 920 464 937 484
face 0.6064461469650269 825 427 840 447
