face 0.9983537197113037 288 537 318 577
face 0.9930954575538635 583 456 602 480
face 0.9913582801818848 685 464 707 492
face 0.9863920211791992 505 540 534 573
face 0.9831196665763855 186 519 218 553
face 0.9827422499656677 216 471 239 496
face 0.9818218350410461 781 459 801 483
face 0.9749524593353271 616 495 641 523
face 0.9684460759162903 678 556 708 592
face 0.9648197293281555 13 541 44 585
face 0.9583225846290588 362 456 384 482
face 0.9579801559448242 397 531 426 567
face 0.9404640197753906 756 472 779 504
face 0.9403247833251953 86 453 108 476
face 0.9267855882644653 737 421 754 443
face 0.9023829698562622 572 413 587 432
face 0.8996643424034119 337 472 357 498
face 0.8870434165000916 130 500 154 530
face 0.8489614129066467 98 517 124 551
face 0.8207672238349915 806 428 824 450
face 0.7910109758377075 320 425 341 450
face 0.74861079454422 872 390 887 406
face 0.7361013293266296 174 452 198 474
face 0.7065603137016296 820 392 833 408
face 0.7022799253463745 886 485 910 515
face 0.6780933141708374 636 415 650 433
face 0.6532808542251587 832 589 863 639
face 0.6361253261566162 656 401 669 416
