face 0.9982612729072571 44 237 115 328
face 0.996607780456543 885 278 936 354
face 0.9866067171096802 150 313 181 347
face 0.9425438046455383 819 301 852 352
face 0.9363444447517395 639 150 657 173
face 0.9129724502563477 378 148 395 167
face 0.9113795161247253 947 404 982 448
face 0.8970029950141907 219 387 258 435
face 0.8514825105667114 869 223 891 248
face 0.8352837562561035 190 145 209 167
face 0.8119435906410217 669 364 707 410
face 0.7984147667884827 951 264 977 288
face 0.7946003079414368 240 163 254 180
face 0.7551316618919373 476 301 506 332
face 0.6691766977310181 563 126 576 141
face 0.6597712635993958 500 144 518 166
