face 0.999969482421875 136 344 202 412
face 0.9997907280921936 930 284 992 356
face 0.9996726512908936 306 311 377 382
face 0.9996091723442078 747 398 841 505
face 0.9993312358856201 121 230 173 290
face 0.9990604519844055 925 210 955 245
face 0.9983906745910645 268 198 309 244
face 0.9983793497085571 804 205 840 251
face 0.9979010820388794 195 192 233 235
face 0.9976996779441833 648 233 686 279
face 0.9967393279075623 463 240 504 282
face 0.9966860413551331 130 176 161 211
face 0.9962896108627319 480 314 565 418
face 0.9959114789962769 864 332 929 406
face 0.9949648976325989 832 181 860 213
face 0.9941552877426147 770 175 797 209
face 0.9939613342285156 877 161 907 194
face 0.9934242963790894 847 221 876 258
face 0.9804385900497437 693 327 739 373
face 0.9724263548851013 616 209 642 243
face 0.937334418296814 972 224 1000 261
face 0.9175726771354675 2 192 35 234
face 0.9093770980834961 25 146 43 165
face 0.9061503410339355 954 192 975 217
face 0.8963025808334351 500 143 518 162
face 0.7240150570869446 58 169 77 193
face 0.6866234540939331 948 141 962 157
face 0.6195967793464661 306 185 328 213
face 0.6140545010566711 329 178 358 208
