face 0.9992609620094299 942 247 973 277
face 0.9992353916168213 118 252 153 291
face 0.9991984963417053 34 249 71 289
face 0.9988824725151062 286 220 322 259
face 0.998742401599884 1 268 36 305
face 0.9983880519866943 896 245 928 276
face 0.9970742464065552 759 254 789 288
face 0.9945566654205322 828 251 855 280
face 0.9902399778366089 432 252 462 285
face 0.9874810576438904 560 243 586 273
face 0.9789282083511353 503 268 532 297
face 0.8645380735397339 178 248 217 282
face 0.8590713143348694 610 258 633 287
