face 0.9996309280395508 697 451 731 493
face 0.9993653893470764 660 414 689 454
face 0.9960774779319763 937 471 966 509
face 0.9959100484848022 607 455 638 490
face 0.9939343333244324 514 435 540 470
face 0.9935911893844604 912 608 948 652
face 0.990786075592041 15 523 44 555
face 0.9879804253578186 163 416 187 444
face 0.983181893825531 371 420 396 452
face 0.9824434518814087 628 409 651 438
face 0.975227415561676 62 410 82 438
face 0.9750565886497498 970 429 996 462
face 0.9633621573448181 436 425 462 459
face 0.9613510370254517 172 384 193 409
face 0.9366011023521423 596 432 617 459
face 0.9282465577125549 803 460 831 489
face 0.8530763983726501 228 416 251 442
face 0.8437846899032593 784 528 809 557
face 0.8249157667160034 283 439 305 468
face 0.7185623049736023 370 366 385 385
face 0.6447014808654785 129 429 148 454
face 0.633027970790863 407 361 421 380
