face 0.9997790455818176 321 366 353 402
face 0.9996330738067627 462 373 496 414
face 0.9989404082298279 285 334 312 366
face 0.9987288117408752 44 481 91 530
face 0.9987275004386902 183 373 218 412
face 0.9986811280250549 680 413 715 452
face 0.9985974431037903 969 354 998 389
face 0.9984669089317322 727 339 759 378
face 0.9980282187461853 354 474 399 524
face 0.9979851245880127 808 320 835 352
face 0.9971946477890015 492 316 517 346
face 0.9951594471931458 73 312 97 337
face 0.9950453042984009 117 338 145 369
face 0.994544506072998 37 589 117 676
face 0.9942861199378967 186 313 209 341
face 0.9934921860694885 534 299 553 324
face 0.9934011101722717 765 298 785 323
face 0.9933979511260986 22 294 46 323
face 0.9929929971694946 121 297 141 319
face 0.9919275045394897 395 335 414 358
face 0.9901835322380066 332 300 349 322
face 0.9884589314460754 978 305 999 328
face 0.98745197057724 900 373 931 408
face 0.9871477484703064 274 291 294 314
face 0.9852617383003235 598 327 623 358
face 0.9830271601676941 539 445 579 488
face 0.9818649291992188 95 276 113 299
face 0.9818576574325562 447 266 463 286
face 0.972459614276886 893 303 912 324
face 0.9713293313980103 513 261 528 280
face 0.9682592749595642 129 272 146 290
face 0.9642889499664307 218 329 243 358
face 0.9579108357429504 362 271 376 289
face 0.9571986198425293 930 323 958 353
face 0.954271137714386 917 290 935 311
face 0.945633590221405 881 251 894 266
face 0.939782977104187 462 245 474 261
face 0.9391346573829651 57 277 74 298
face 0.9370235800743103 296 272 310 291
face 0.9250547289848328 726 292 745 312
face 0.9231260418891907 398 244 410 259
face 0.922687828540802 150 272 166 291
face 0.9196896553039551 566 287 586 309
face 0.912057101726532 682 310 704 337
face 0.9103617072105408 838 281 855 303
face 0.8926613926887512 656 278 674 299
face 0.8905836939811707 452 298 470 321
face 0.8881142139434814 402 301 420 323
face 0.885202944278717 681 268 697 287
face 0.8780251145362854 804 423 842 463
face 0.8691970109939575 100 244 113 260
face 0.8672675490379333 0 279 15 300
face 0.8412103056907654 898 234 909 247
face 0.8253806829452515 1009 259 1022 277
face 0.8166087865829468 532 278 548 298
face 0.8017314076423645 200 274 217 294
face 0.7609622478485107 653 244 665 260
face 0.7561732530593872 604 270 620 287
face 0.7532470226287842 782 275 797 295
face 0.7361360788345337 326 265 342 285
face 0.7093132734298706 965 553 1016 622
face 0.7014353275299072 604 237 616 250
face 0.6943178772926331 423 239 435 253
face 0.692809522151947 382 390 404 418
face 0.6645470261573792 249 254 264 273
face 0.6632106304168701 771 250 784 265
face 0.6609191298484802 25 263 38 280
face 0.6490640044212341 828 299 847 321
face 0.6222701072692871 243 357 266 384
face 0.6143304705619812 523 233 534 247
