face 0.9949797987937927 274 501 296 527
face 0.9912052750587463 488 647 521 681
face 0.9854761958122253 820 588 850 616
face 0.9812279343605042 644 325 665 348
face 0.9799225926399231 677 463 700 489
face 0.9789621233940125 991 592 1015 623
face 0.9782483577728271 929 402 952 428
face 0.9782257676124573 825 434 850 460
face 0.9772065877914429 876 533 902 566
face 0.9751742482185364 944 287 965 314
face 0.9742748737335205 137 497 157 519
face 0.9695032835006714 165 347 186 370
face 0.9673314094543457 34 418 57 441
face 0.9667345285415649 801 413 823 438
face 0.9662384986877441 193 500 214 524
face 0.9659557342529297 920 621 944 655
face 0.9635095596313477 524 568 546 594
face 0.9624509811401367 623 560 651 591
face 0.9620852470397949 982 318 1007 345
face 0.9615238308906555 661 244 679 264
face 0.9585243463516235 495 293 512 314
face 0.9583417773246765 390 605 410 630
face 0.9542087912559509 236 309 257 333
face 0.9499291777610779 807 246 825 264
face 0.9491734504699707 626 456 649 482
face 0.9464017748832703 193 553 215 579
face 0.9446948766708374 912 320 933 341
face 0.9443493485450745 63 440 81 463
face 0.94366455078125 326 331 345 351
face 0.9432598352432251 782 444 809 471
face 0.94178307056427 499 495 523 522
face 0.9410470128059387 690 376 714 404
face 0.9400746822357178 753 579 784 607
face 0.9387817978858948 903 388 925 410
face 0.9369933009147644 779 504 807 529
face 0.9365116357803345 879 469 905 498
face 0.935662031173706 191 327 207 345
face 0.9342586994171143 109 426 129 448
face 0.9327430725097656 883 418 903 442
face 0.9317461848258972 563 552 584 581
face 0.931743323802948 662 359 683 384
face 0.9303340315818787 416 404 438 425
face 0.9264329671859741 217 480 236 504
face 0.9242601990699768 767 401 793 429
face 0.9240686297416687 652 496 672 519
face 0.9239997863769531 384 276 400 295
face 0.9222930073738098 694 602 725 630
face 0.920315146446228 749 468 772 496
face 0.9178171157836914 242 384 261 406
face 0.9175141453742981 126 292 141 310
face 0.9152033925056458 904 289 925 312
face 0.9132241010665894 865 391 886 413
face 0.91046541929245 514 398 536 422
face 0.9102498888969421 524 467 542 487
face 0.9073593616485596 371 293 386 311
face 0.9039164781570435 359 440 383 464
face 0.9036945700645447 622 302 640 324
face 0.8994905948638916 639 371 659 394
face 0.8991891145706177 304 610 324 633
face 0.8989744782447815 578 327 596 348
face 0.8967798948287964 866 295 889 318
face 0.8953063488006592 281 359 297 379
face 0.8902467489242554 539 362 560 385
face 0.8901495933532715 250 483 268 507
face 0.8883212804794312 374 375 393 395
face 0.8839383721351624 846 326 867 347
face 0.8814511299133301 328 620 349 644
face 0.87924724817276 207 376 222 395
face 0.8757706880569458 99 304 117 324
face 0.8722721338272095 321 253 336 270
face 0.8721612095832825 951 386 973 407
face 0.8698775172233582 364 403 384 424
face 0.8664230108261108 475 281 491 300
face 0.865112841129303 213 647 243 677
face 0.8646001815795898 752 262 771 284
face 0.8645238280296326 442 461 461 483
face 0.8620012998580933 88 263 102 279
face 0.859595775604248 469 544 489 567
face 0.8468273282051086 733 420 756 442
face 0.8461278676986694 227 426 245 448
face 0.8419018983840942 811 290 831 310
face 0.8333724737167358 251 344 272 363
face 0.8319264650344849 508 332 525 352
face 0.8314990401268005 944 245 963 264
face 0.828693151473999 201 447 221 469
face 0.8215028643608093 304 344 324 366
face 0.8203756213188171 384 343 405 366
face 0.8132181763648987 122 359 139 378
face 0.8099856376647949 81 342 98 363
face 0.8095182180404663 148 312 169 335
face 0.8080239295959473 554 468 576 494
face 0.8059030771255493 291 209 308 230
face 0.8016667366027832 437 212 450 228
face 0.7996446490287781 283 405 300 425
face 0.7934535145759583 742 375 767 399
face 0.7928961515426636 516 607 537 631
face 0.7912829518318176 462 426 484 452
face 0.7892187237739563 741 236 757 252
face 0.786534309387207 398 429 421 451
face 0.7854508757591248 268 230 282 245
face 0.7854023575782776 138 469 158 493
face 0.7853158712387085 946 446 972 471
face 0.7850412130355835 424 490 450 517
face 0.7848550081253052 520 298 538 321
face 0.7828822135925293 334 222 346 238
face 0.7806915044784546 730 506 756 530
face 0.7801122665405273 431 296 451 319
face 0.7760248184204102 52 254 67 270
face 0.7717245221138 44 378 60 396
face 0.7655771970748901 632 233 650 255
face 0.7644683718681335 512 217 525 232
face 0.7628990411758423 733 282 750 301
face 0.7626413702964783 640 427 659 448
face 0.7616696357727051 86 193 103 207
face 0.7585304975509644 278 297 293 312
face 0.7566789388656616 500 352 518 372
face 0.7547973990440369 886 358 909 380
face 0.7506425976753235 175 302 191 322
face 0.7497900128364563 320 201 333 217
face 0.7423568964004517 985 418 1010 441
face 0.7312486171722412 47 322 64 340
face 0.7237834930419922 243 587 263 611
face 0.7204322218894958 147 428 166 448
face 0.7197268605232239 692 261 707 279
face 0.7183912992477417 590 385 611 409
face 0.7163840532302856 457 262 472 281
face 0.7121009230613708 181 158 195 173
face 0.6995181441307068 990 149 1010 171
face 0.6904552578926086 663 216 678 234
face 0.6890005469322205 139 382 154 401
face 0.688202440738678 553 258 567 276
face 0.686924397945404 8 331 24 349
face 0.6863613724708557 421 340 438 358
face 0.6828358769416809 383 188 399 208
face 0.679123044013977 25 226 40 239
face 0.6762282252311707 692 215 707 231
face 0.6718376278877258 263 205 276 220
face 0.6653680801391602 531 249 546 269
face 0.6631115078926086 604 334 622 355
face 0.6622455716133118 261 433 279 456
face 0.6504969000816345 880 208 896 224
face 0.6489608287811279 361 171 373 184
face 0.644032895565033 457 240 473 258
face 0.635773777961731 151 166 167 182
face 0.6350905895233154 187 427 204 448
face 0.6337165236473083 491 471 515 497
face 0.6321991682052612 722 148 739 169
face 0.6239065527915955 581 436 601 457
face 0.6215577721595764 672 429 696 451
face 0.621180534362793 576 363 594 383
face 0.6152700781822205 930 161 945 178
face 0.6146091222763062 652 535 675 563
face 0.6121687889099121 394 252 412 273
face 0.6096521615982056 923 258 941 275
face 0.608109176158905 804 223 820 239
face 0.6040403246879578 91 480 109 501
face 0.6013302803039551 112 181 126 197
face 0.6012524366378784 337 271 352 289
