face 0.999813973903656 460 255 520 332
face 0.9996771812438965 147 72 191 126
face 0.9994588494300842 963 48 1006 99
face 0.9994342923164368 243 45 285 101
face 0.9992948770523071 367 165 415 233
face 0.9988788962364197 249 231 307 298
face 0.998782217502594 481 15 526 71
face 0.9987255930900574 322 87 369 147
face 0.9987251162528992 518 168 567 235
face 0.9986433386802673 705 43 746 99
face 0.9985824823379517 605 146 660 219
face 0.9984978437423706 602 12 646 68
face 0.9983751773834229 934 161 984 218
face 0.998157799243927 0 18 36 66
face 0.9958164095878601 852 255 903 333
face 0.9956948757171631 442 189 494 246
face 0.9900162816047668 -2 161 31 228
face 0.9881209135055542 821 237 868 302
face 0.9622963666915894 811 -2 860 48
face 0.6437169909477234 292 26 327 67
