face 0.9988497495651245 860 128 902 182
face 0.9972053170204163 773 134 812 177
face 0.9970513582229614 447 135 478 177
face 0.9962833523750305 729 164 760 203
face 0.9962167143821716 986 229 1016 265
face 0.9958565831184387 105 161 130 190
face 0.9928788542747498 238 149 270 188
face 0.9925839900970459 323 209 365 254
face 0.9863533973693848 567 151 589 177
face 0.9497218132019043 180 172 205 205
face 0.9321975708007812 669 134 696 165
face 0.9099247455596924 170 110 190 132
face 0.9072248339653015 530 147 552 173
face 0.8977330327033997 505 140 524 164
face 0.8702619671821594 615 165 633 186
face 0.849653959274292 268 142 289 166
face 0.8350134491920471 639 153 660 177
face 0.800228476524353 488 56 505 91
face 0.7820079326629639 373 92 385 108
face 0.7811488509178162 105 89 127 114
face 0.714559018611908 169 146 191 173
face 0.682050347328186 195 57 214 81
face 0.6788814663887024 751 259 771 287
face 0.6226195096969604 402 168 422 193
