face 0.9991626739501953 771 130 804 168
face 0.9973068237304688 385 148 424 193
face 0.9969998002052307 717 131 755 177
face 0.9969919919967651 557 131 589 173
face 0.9964302182197571 258 97 278 124
face 0.995743453502655 922 159 960 205
face 0.9957400560379028 92 111 117 143
face 0.9957287907600403 849 142 880 180
face 0.9945352077484131 373 97 398 126
face 0.9942037463188171 647 174 694 229
face 0.9900223612785339 18 100 39 125
face 0.9879326224327087 456 131 494 177
face 0.9810020327568054 80 89 100 110
face 0.9791808128356934 871 90 893 125
face 0.9748050570487976 201 79 222 105
face 0.9739899039268494 281 115 306 145
face 0.9733855128288269 822 72 852 108
face 0.9712642431259155 314 84 334 109
face 0.9640183448791504 33 70 52 93
face 0.9532358646392822 161 81 179 102
face 0.9514619708061218 410 112 434 141
face 0.9412862062454224 737 90 758 114
face 0.9369775056838989 640 105 663 134
face 0.9336419701576233 205 114 227 143
face 0.9333731532096863 268 74 287 97
face 0.9316245913505554 664 63 681 84
face 0.9311560392379761 136 104 155 130
face 0.9285555481910706 292 67 310 91
face 0.9228399991989136 526 115 549 146
face 0.9226729869842529 341 88 360 114
face 0.9185089468955994 345 115 371 148
face 0.9090309739112854 709 110 737 140
face 0.9051588773727417 481 60 498 80
face 0.894549548625946 637 51 653 72
face 0.8846768736839294 941 129 967 165
face 0.8802143931388855 218 65 236 85
face 0.8598346710205078 879 210 920 257
face 0.8304321765899658 832 180 863 224
face 0.8254866600036621 544 76 561 96
face 0.8236890435218811 389 73 406 93
face 0.8084233403205872 586 58 603 79
face 0.7906679511070251 -2 89 14 114
face 0.7824013829231262 432 70 450 93
face 0.7659628391265869 69 64 87 86
face 0.7634832859039307 648 95 669 123
face 0.7467477917671204 327 85 349 112
face 0.7441079020500183 185 57 204 77
face 0.696144700050354 990 152 1023 203
face 0.6475849747657776 548 108 573 135
face 0.6411333680152893 134 86 154 109
face 0.6358358860015869 965 70 983 91
face 0.62928706407547 607 86 627 108
face 0.6227967739105225 229 83 247 108
face 0.6054189205169678 950 53 965 70
