face 0.9993589520454407 859 169 898 211
face 0.9990973472595215 253 95 311 171
face 0.9982787370681763 202 43 254 112
face 0.9943116903305054 934 182 964 218
face 0.9937251210212708 709 164 736 199
face 0.9880087375640869 113 30 151 82
face 0.9683479070663452 376 97 401 129
face 0.9501389861106873 636 227 678 279
face 0.9391963481903076 791 189 812 218
face 0.905387818813324 979 219 1007 252
face 0.8552004098892212 132 89 182 141
face 0.7973167896270752 730 168 753 194
face 0.7241467237472534 664 151 687 182
face 0.7034649848937988 953 187 981 221
