face 0.9826767444610596 686 531 704 555
face 0.9686110019683838 443 529 459 549
face 0.9580767750740051 766 574 783 596
face 0.9393272995948792 35 488 51 509
face 0.9209299087524414 710 522 728 546
face 0.9208176136016846 793 455 808 473
face 0.9153738617897034 485 513 498 529
face 0.8799206018447876 229 496 243 515
face 0.8793807029724121 739 413 752 430
face 0.8646266460418701 258 444 272 462
face 0.8609220385551453 700 481 716 502
face 0.8411052227020264 646 519 661 538
face 0.8404623866081238 754 509 770 529
face 0.8298547863960266 377 563 394 585
face 0.8291175365447998 202 469 216 486
face 0.8204182982444763 186 503 203 525
face 0.8096432685852051 585 507 599 526
face 0.8077910542488098 368 433 381 450
face 0.8019983768463135 599 457 612 476
face 0.7914926409721375 385 355 397 370
face 0.791411280632019 650 348 664 365
face 0.7887712717056274 95 599 111 621
face 0.7841377854347229 880 376 892 392
face 0.7825092077255249 764 541 781 562
face 0.7665332555770874 718 458 732 476
face 0.7473979592323303 962 633 981 655
face 0.718540608882904 765 498 779 516
face 0.7155300974845886 813 474 827 492
face 0.7060636878013611 463 394 474 408
face 0.7040848135948181 614 528 629 547
face 0.6960354447364807 438 455 450 471
face 0.6837584972381592 535 511 548 528
face 0.6708948612213135 257 400 268 415
face 0.6643892526626587 778 435 790 450
face 0.6593999862670898 873 307 885 324
face 0.6488275527954102 251 546 267 567
face 0.6356456279754639 399 446 413 464
face 0.6251938343048096 821 401 832 415
face 0.6144031882286072 870 457 883 473
face 0.6138702630996704 278 532 293 553
face 0.6072774529457092 489 459 501 474
