face 0.9998593330383301 393 344 459 431
face 0.9996213912963867 589 36 665 124
face 0.9996167421340942 648 270 719 361
face 0.9995254278182983 203 406 282 499
face 0.9988788962364197 541 301 617 388
face 0.9978954792022705 401 137 461 221
face 0.9933004379272461 775 366 846 457
face 0.9917917251586914 994 518 1020 550
face 0.9902672171592712 20 546 55 582
face 0.9768458604812622 335 541 372 578
face 0.9751949906349182 43 468 65 493
face 0.9738677740097046 962 511 985 537
face 0.9719719886779785 321 469 351 501
face 0.9426411390304565 924 490 946 519
face 0.8509557843208313 491 542 529 575
face 0.7438649535179138 82 519 106 544
face 0.6974989771842957 393 526 430 564
face 0.6825745701789856 962 428 984 457
face 0.6695696115493774 860 521 886 553
