face 0.987851619720459 332 608 351 629
face 0.9763991236686707 951 638 979 667
face 0.9715881943702698 843 629 867 655
face 0.9691293239593506 741 547 757 566
face 0.9602593779563904 331 518 347 537
face 0.9413193464279175 833 542 848 559
face 0.9381957650184631 139 586 155 606
face 0.9173599481582642 955 588 974 611
face 0.9150160551071167 431 620 449 640
face 0.9129974842071533 615 526 632 547
face 0.9123483896255493 803 643 820 663
face 0.9116779565811157 280 522 294 541
face 0.898673951625824 764 624 781 643
face 0.8746209740638733 524 526 538 544
face 0.8742373585700989 769 541 785 560
face 0.8706942796707153 204 538 219 559
face 0.8345451354980469 513 501 525 518
face 0.8302282691001892 778 519 792 536
face 0.818880021572113 231 463 246 480
face 0.8099983930587769 304 558 320 578
face 0.8078827261924744 522 574 539 595
face 0.786159336566925 547 525 562 544
face 0.7771602869033813 806 570 822 589
face 0.7717297077178955 461 393 474 408
face 0.7514706254005432 377 633 394 652
face 0.7258825302124023 560 501 573 517
face 0.7227853536605835 637 486 650 502
face 0.7180119752883911 757 576 771 592
face 0.7049301266670227 882 604 897 621
face 0.6985311508178711 448 481 464 501
face 0.6727717518806458 704 461 717 478
face 0.6471490859985352 365 603 382 624
face 0.6461640000343323 549 476 562 492
face 0.6137374043464661 601 380 613 395
face 0.6079517602920532 296 518 313 539
face 0.6061185598373413 681 475 694 490
face 0.6060725450515747 687 504 701 520
