face 0.9999420642852783 515 202 575 284
face 0.9992617964744568 571 149 629 207
face 0.9987766146659851 729 180 783 251
face 0.9956384301185608 288 336 335 401
face 0.9955238103866577 716 376 757 451
face 0.9944095015525818 6 197 55 277
face 0.9895625710487366 204 119 263 191
face 0.9885864853858948 312 12 343 55
face 0.9878742098808289 410 296 455 371
face 0.9805731177330017 463 92 498 134
face 0.9773271679878235 691 93 726 144
face 0.9745195508003235 113 96 155 148
face 0.9737057089805603 910 112 948 155
face 0.9718976616859436 832 126 862 175
face 0.9710153937339783 244 79 275 117
face 0.965912938117981 920 182 957 238
face 0.9432045221328735 387 53 426 101
face 0.9410789012908936 716 3 746 36
face 0.9379079341888428 851 169 895 224
face 0.937667727470398 410 131 449 185
face 0.8617762923240662 897 322 959 397
face 0.8603900074958801 12 14 38 57
face 0.8585018515586853 131 54 177 98
face 0.8453136682510376 115 13 147 52
face 0.8167228102684021 987 151 1021 216
face 0.767622709274292 545 76 575 113
face 0.7399684190750122 86 174 123 236
face 0.730060875415802 603 540 624 568
face 0.687580943107605 398 206 448 283
face 0.6417677402496338 0 114 27 161
