face 0.9997156262397766 541 298 636 425
face 0.9996858835220337 901 261 961 327
face 0.9994931221008301 760 259 824 324
face 0.9989055395126343 217 295 263 356
face 0.9982395172119141 332 282 413 385
face 0.9969287514686584 187 245 218 285
face 0.9942864775657654 45 251 94 302
face 0.9937501549720764 636 242 690 303
face 0.9928284287452698 221 240 258 278
face 0.9924464821815491 710 258 743 300
face 0.9723331928253174 833 237 863 279
face 0.9713329076766968 506 241 542 300
face 0.9232180118560791 1001 280 1026 326
face 0.9209821820259094 444 220 479 268
face 0.7941568493843079 110 308 160 353
face 0.6930055618286133 4 282 44 321
face 0.6843855977058411 279 233 312 274
face 0.6797933578491211 532 221 556 252
face 0.6574862599372864 738 270 785 321
face 0.6336627006530762 500 202 523 226
