face 0.9993364214897156 941 321 968 354
face 0.998201847076416 854 334 882 367
face 0.9979840517044067 147 321 169 349
face 0.997702419757843 668 293 697 330
face 0.9976968169212341 502 302 525 332
face 0.9932182431221008 255 332 278 358
face 0.9925244450569153 568 307 595 337
face 0.9843463897705078 69 307 91 333
face 0.9790127277374268 322 320 347 349
face 0.9630345702171326 961 224 976 241
face 0.9563356637954712 881 246 899 266
face 0.9490078687667847 422 306 444 333
face 0.9466045498847961 809 230 826 250
face 0.9335858821868896 578 276 598 300
face 0.9320854544639587 747 252 764 272
face 0.9068511724472046 984 231 999 250
face 0.8897059559822083 211 354 235 380
face 0.851799488067627 781 349 807 378
face 0.7446996569633484 3 309 21 334
