face 0.9999207258224487 790 424 856 501
face 0.9966413974761963 434 566 498 667
face 0.996231734752655 865 302 895 339
face 0.9958494901657104 564 462 603 519
face 0.9947516322135925 787 301 825 347
face 0.9936442375183105 636 393 668 438
face 0.9925336837768555 16 471 61 519
face 0.990849494934082 578 386 604 417
face 0.9848790764808655 699 311 718 336
face 0.9712929129600525 700 371 727 405
face 0.9470486044883728 222 426 258 475
face 0.9156480431556702 466 407 490 438
face 0.9098351001739502 488 372 504 391
face 0.907604992389679 794 269 812 291
face 0.8987125158309937 352 434 396 491
face 0.8885921835899353 617 332 635 354
face 0.8824517726898193 614 304 627 321
face 0.8793405294418335 528 329 543 348
face 0.873037576675415 727 338 749 364
face 0.8717761039733887 740 300 755 318
face 0.8365781903266907 402 370 418 392
face 0.8046883940696716 139 375 151 390
face 0.7838192582130432 983 358 1022 413
face 0.7390267252922058 659 303 674 324
face 0.726432740688324 577 330 591 348
face 0.6345077753067017 509 348 523 368
face 0.6013320684432983 864 272 889 301
