face 0.9995006322860718 289 581 399 681
face 0.9994915723800659 0 391 90 493
face 0.9993164539337158 405 304 485 419
face 0.9992296695709229 224 269 294 361
face 0.999024510383606 885 562 988 676
face 0.9988569021224976 597 495 694 619
face 0.9985802173614502 446 115 482 162
face 0.998454213142395 888 158 935 212
face 0.998450756072998 475 84 509 121
face 0.9984450936317444 168 2 200 36
face 0.9984337687492371 170 384 254 479
face 0.9979609251022339 207 227 260 298
face 0.9942189455032349 629 387 715 484
face 0.9940292835235596 560 83 592 115
face 0.9937566518783569 501 209 558 274
face 0.9936536550521851 232 124 271 174
face 0.9933720827102661 326 166 374 223
face 0.992302417755127 811 134 848 183
face 0.9914414882659912 887 338 956 409
face 0.9889376163482666 181 156 228 213
face 0.9886611700057983 216 60 254 106
face 0.9884029030799866 95 290 163 368
face 0.9845230579376221 388 152 418 194
face 0.9843633770942688 74 219 122 277
face 0.9668283462524414 122 523 225 628
face 0.9622383117675781 430 33 457 64
face 0.9532407522201538 93 616 181 688
face 0.9509425163269043 744 154 783 201
face 0.9381420016288757 110 79 142 120
face 0.9318515658378601 397 111 430 148
face 0.9155153632164001 291 32 321 70
face 0.9142468571662903 2 70 32 109
face 0.9101963639259338 308 69 337 103
face 0.8974860906600952 44 184 83 236
face 0.8770037889480591 670 51 690 73
face 0.8726525902748108 869 26 895 58
face 0.8721774816513062 264 19 287 47
face 0.8523144721984863 623 65 654 99
face 0.8508822321891785 469 181 527 247
face 0.8484286069869995 40 282 80 341
face 0.8254526257514954 204 108 238 149
face 0.8073632717132568 475 18 501 42
face 0.7888185381889343 389 64 414 92
face 0.7864851951599121 972 228 1021 303
face 0.7328505516052246 561 297 626 369
face 0.7182755470275879 791 121 826 164
face 0.684097409248352 12 126 59 189
face 0.6809149980545044 475 37 501 68
face 0.6501091718673706 951 160 990 201
face 0.6276832818984985 986 452 1023 537
face 0.6071942448616028 339 20 369 55
face 0.6059451103210449 556 184 586 223
