face 0.9999561309814453 785 444 849 522
face 0.9999314546585083 285 386 344 470
face 0.9998598098754883 655 311 706 392
face 0.9998310804367065 159 299 217 371
face 0.9996693134307861 866 241 906 286
face 0.9996122717857361 88 151 123 187
face 0.9996017813682556 337 178 368 219
face 0.99944669008255 450 311 503 386
face 0.9993138313293457 248 241 293 298
face 0.9992625117301941 44 241 101 303
face 0.9991208910942078 966 284 1015 337
face 0.9989610910415649 28 506 126 625
face 0.9989550113677979 588 175 622 215
face 0.9987119436264038 148 158 178 193
face 0.9984472393989563 838 172 872 210
face 0.9975179433822632 301 302 351 366
face 0.9970645308494568 769 272 811 326
face 0.9945467710494995 313 125 340 158
face 0.9931517839431763 699 244 735 297
face 0.9861014485359192 775 197 807 231
face 0.9853858947753906 158 232 203 285
face 0.9829404950141907 183 87 204 112
face 0.9829260110855103 943 196 978 237
face 0.9783782362937927 211 67 229 91
face 0.975395917892456 517 231 562 290
face 0.9734564423561096 983 145 1010 177
face 0.9702762961387634 112 84 131 106
face 0.9691690802574158 622 273 662 317
face 0.9624660015106201 584 561 631 649
face 0.9517752528190613 862 115 888 148
face 0.947784960269928 77 81 95 106
face 0.9394194483757019 635 104 655 131
face 0.9384771585464478 190 449 222 489
face 0.928666889667511 157 115 183 143
face 0.8998085260391235 319 221 357 267
face 0.8906809687614441 827 141 846 170
face 0.8849557638168335 0 171 29 211
face 0.8579317927360535 162 49 178 68
face 0.8402233123779297 767 30 782 49
face 0.8260533213615417 690 49 706 68
face 0.747481644153595 385 294 426 344
face 0.730160117149353 389 134 408 157
face 0.7241289615631104 680 182 713 220
face 0.7238966226577759 479 177 496 202
face 0.7045460343360901 945 125 966 155
