face 0.9989215135574341 918 324 973 394
face 0.9986615180969238 42 304 105 374
face 0.9980823993682861 374 317 423 386
face 0.9961215853691101 290 279 347 346
face 0.99503493309021 683 277 725 331
face 0.9943517446517944 483 305 539 371
face 0.9887773394584656 398 263 436 305
face 0.9866107702255249 824 326 871 391
face 0.9842446446418762 640 322 691 395
face 0.9718121886253357 20 343 84 412
face 0.9547500610351562 771 286 807 329
face 0.6740427017211914 171 299 228 365
face 0.6399890780448914 403 330 453 398
