face 0.999909520149231 250 502 322 582
face 0.9997921586036682 2 525 64 602
face 0.9996778964996338 632 448 726 559
face 0.9994077682495117 854 416 895 466
face 0.9982007741928101 467 456 504 495
face 0.9977942705154419 725 472 777 534
face 0.9969670176506042 352 432 394 476
face 0.9944755434989929 177 485 231 549
face 0.9920026063919067 506 494 541 537
face 0.9891039133071899 930 448 962 483
face 0.9829130172729492 561 516 600 579
face 0.9201520681381226 805 444 833 473
face 0.8646616339683533 508 426 527 448
face 0.8533987998962402 150 412 167 431
face 0.8231321573257446 116 426 134 447
face 0.6701185703277588 213 410 231 432
face 0.638386607170105 956 428 976 449
