face 0.9988137483596802 356 253 396 305
face 0.9981185793876648 206 249 244 293
face 0.9977339506149292 409 241 449 295
face 0.9976303577423096 481 32 515 74
face 0.9974042773246765 958 271 1000 328
face 0.9954272508621216 567 234 603 283
face 0.9954196214675903 847 87 882 134
face 0.9952463507652283 480 283 519 331
face 0.9948781728744507 226 2 257 41
face 0.9942823648452759 610 247 647 304
face 0.9928798079490662 897 115 935 159
face 0.9923409223556519 174 162 212 212
face 0.9873802661895752 515 470 560 519
face 0.9860349893569946 347 5 384 51
face 0.981206476688385 206 126 250 181
face 0.967514157295227 118 488 152 545
face 0.9331772923469543 927 265 964 320
face 0.9319056868553162 531 265 561 311
face 0.9271680116653442 309 516 352 578
face 0.9165966510772705 301 263 333 302
face 0.8735366463661194 900 257 933 297
face 0.8640611171722412 225 548 244 570
face 0.8547362685203552 814 530 845 571
face 0.8368476033210754 265 323 285 349
face 0.7953823208808899 321 474 365 524
face 0.7054687738418579 108 301 150 348
face 0.7036778926849365 733 349 756 384
face 0.6738292574882507 615 527 652 570
face 0.644457221031189 755 285 775 314
