face 0.9991757273674011 653 205 688 252
face 0.9990768432617188 776 185 806 231
face 0.9985226988792419 869 207 911 264
face 0.9983717799186707 844 289 898 360
face 0.9983285069465637 364 294 399 349
face 0.9976145029067993 171 314 211 366
face 0.9967175126075745 274 274 306 320
face 0.9956644177436829 584 232 623 287
face 0.9954997897148132 507 215 542 270
face 0.9951254725456238 355 228 378 266
face 0.9927935600280762 110 247 147 300
face 0.9899978041648865 56 355 94 404
face 0.9856157302856445 459 228 490 274
face 0.9818763136863708 670 275 717 344
face 0.9703107476234436 176 224 194 250
face 0.9615060687065125 743 160 763 189
face 0.9485047459602356 673 151 691 176
face 0.9353858828544617 254 251 279 290
face 0.927483320236206 828 163 850 193
face 0.8754420280456543 574 184 593 209
face 0.835884153842926 320 207 336 231
face 0.7910524606704712 -1 304 19 343
face 0.7505351305007935 210 237 229 264
face 0.7155653834342957 361 189 377 211
face 0.6403730511665344 891 174 912 202
