face 0.9993035793304443 465 178 493 222
face 0.9992687106132507 914 208 947 253
face 0.9966158270835876 653 220 681 252
face 0.991733193397522 240 314 259 340
face 0.9864044189453125 690 239 716 271
face 0.9847933650016785 583 215 609 247
face 0.9751977324485779 333 300 354 329
face 0.9687442183494568 535 204 556 232
face 0.9631623029708862 42 216 64 244
face 0.9183078408241272 281 316 300 340
face 0.8880562782287598 189 285 210 312
face 0.8740381002426147 556 219 580 252
face 0.8361342549324036 492 214 514 248
face 0.7727968096733093 867 306 891 335
face 0.734717845916748 371 297 397 326
