face 0.9994568228721619 762 331 824 375
face 0.9990763664245605 258 111 292 152
face 0.9982920289039612 575 356 621 388
face 0.9978735446929932 47 21 118 113
face 0.9973377585411072 669 319 723 360
face 0.997076153755188 344 313 393 349
face 0.9970393180847168 477 343 517 371
face 0.9959773421287537 756 100 803 151
face 0.987235963344574 281 315 327 351
face 0.9857624769210815 298 117 338 171
face 0.9857062101364136 844 123 876 150
face 0.9799112677574158 225 131 256 160
face 0.9732182621955872 417 124 450 158
face 0.9348676800727844 964 57 1020 135
face 0.9267686009407043 879 146 914 178
face 0.906512439250946 519 102 562 149
face 0.8755128979682922 367 147 389 167
