face 0.9997320771217346 856 201 904 261
face 0.9994379878044128 220 165 261 226
face 0.9992969036102295 155 187 194 239
face 0.9982301592826843 404 181 449 240
face 0.9982237219810486 761 151 808 216
face 0.9981256127357483 267 169 300 223
face 0.9973127245903015 628 182 672 241
face 0.9961280226707458 526 222 564 276
face 0.9915019273757935 353 173 392 228
face 0.7308007478713989 855 114 868 131
face 0.6988834142684937 690 151 710 179
face 0.6950148940086365 894 120 906 139
face 0.6618316769599915 666 132 680 154
