face 0.9992121458053589 610 120 654 176
face 0.9987244009971619 239 220 283 281
face 0.9982670545578003 795 92 835 146
face 0.9972608089447021 484 248 532 311
face 0.9959700107574463 873 194 917 252
face 0.9959076642990112 361 257 408 319
face 0.9953076243400574 395 130 434 176
face 0.9942955374717712 0 163 42 218
face 0.9926559925079346 95 262 139 320
face 0.992104172706604 183 174 225 222
face 0.9915211200714111 250 155 291 212
face 0.9910234212875366 478 147 507 188
face 0.9907926917076111 745 210 791 270
face 0.988132894039154 808 201 851 261
face 0.9800712466239929 665 193 706 235
face 0.9755959510803223 769 267 819 336
face 0.9743947386741638 283 204 319 250
face 0.9382812976837158 920 100 950 151
face 0.9021316170692444 888 130 927 182
face 0.8016363382339478 513 169 554 218
face 0.7123414278030396 46 151 80 199
