face 0.9828013777732849 787 470 810 503
face 0.9783642888069153 779 384 800 413
face 0.9680370092391968 884 355 902 380
face 0.9654242396354675 704 386 723 413
face 0.9563536047935486 800 424 825 455
face 0.8901337385177612 877 460 897 488
face 0.8151735067367554 578 426 595 447
face 0.7789856195449829 539 325 551 341
face 0.7741886377334595 613 341 626 359
face 0.7596312761306763 901 291 917 312
face 0.7342399954795837 869 431 890 457
face 0.7152864933013916 257 456 273 478
face 0.7128649950027466 833 254 845 270
face 0.6885408759117126 797 330 816 354
face 0.6724309325218201 519 430 535 452
face 0.6105765700340271 706 313 719 332
