face 0.99903404712677 362 17 417 70
face 0.9963513612747192 286 252 315 301
face 0.9716455936431885 524 41 554 69
face 0.9663148522377014 179 54 207 77
face 0.9652462005615234 349 249 382 290
face 0.9428509473800659 49 68 80 97
face 0.9378766417503357 737 88 777 119
face 0.8822031021118164 212 249 241 295
face 0.8459571003913879 885 168 916 194
face 0.8036178350448608 958 54 994 90
face 0.7907744646072388 227 136 260 166
face 0.722029983997345 918 119 946 141
face 0.7071285247802734 243 68 273 87
