face 0.9991826415061951 152 64 190 110
face 0.9991638660430908 374 151 433 228
face 0.9972649812698364 186 137 231 193
face 0.9941672086715698 19 234 49 273
face 0.9885261058807373 87 9 121 43
face 0.9875974059104919 289 115 322 152
face 0.9845294952392578 859 259 892 296
face 0.9844471216201782 631 46 684 115
face 0.9821208119392395 213 73 244 111
face 0.9774718880653381 172 17 201 51
face 0.9563136100769043 1 90 23 134
face 0.9550631642341614 598 278 631 317
face 0.903499960899353 949 249 975 279
face 0.8858383893966675 872 168 899 199
face 0.8483452200889587 451 20 478 51
face 0.7687353491783142 267 86 299 119
face 0.7354908585548401 562 103 589 135
face 0.7318776249885559 982 23 1019 103
face 0.6444037556648254 408 21 434 53
face 0.6343364119529724 356 93 385 124
