face 0.9999420642852783 732 42 784 114
face 0.9998204112052917 266 42 322 116
face 0.999817430973053 654 269 702 341
face 0.9997342228889465 92 267 146 345
face 0.9995502829551697 379 293 433 363
face 0.9994981288909912 535 294 595 367
face 0.9994868040084839 100 31 153 110
face 0.9993903636932373 810 274 863 348
face 0.9993390440940857 922 279 973 349
face 0.9990418553352356 596 24 652 97
face 0.9989013671875 871 36 923 104
face 0.998881995677948 368 44 424 124
face 0.9987894892692566 206 309 257 383
face 0.9983622431755066 461 68 516 146
face 0.9294431209564209 972 440 1010 474
