face 0.9997311234474182 286 130 320 173
face 0.9997145533561707 242 67 278 105
face 0.9994515776634216 66 103 107 156
face 0.999285876750946 114 111 148 149
face 0.9984429478645325 109 65 142 103
face 0.9977104663848877 381 70 408 105
face 0.9973145127296448 308 97 339 134
face 0.9973064661026001 363 137 395 174
face 0.9970985651016235 598 48 647 110
face 0.9970766305923462 206 146 250 200
face 0.9968253374099731 757 2 786 35
face 0.995367169380188 798 125 850 189
face 0.9942392110824585 478 79 526 152
face 0.991866409778595 689 118 743 184
face 0.9914694428443909 686 50 717 86
face 0.9864843487739563 713 78 744 122
face 0.9838938117027283 172 2 200 33
face 0.9829944372177124 62 40 89 73
face 0.9802771210670471 427 12 454 49
face 0.9735114574432373 36 112 62 143
face 0.9724608659744263 556 32 582 64
face 0.93696528673172 659 2 688 35
face 0.8735050559043884 726 121 781 186
face 0.6753458976745605 182 46 212 85
