face 0.9974678754806519 69 162 99 195
face 0.9969980716705322 908 132 941 169
face 0.99660325050354 163 248 190 283
face 0.9957531690597534 871 239 899 271
face 0.9939057230949402 700 116 727 147
face 0.9936859011650085 776 240 803 274
face 0.9903026223182678 653 251 677 285
face 0.9893704652786255 595 121 622 152
face 0.986493706703186 405 246 429 277
face 0.9812708497047424 301 250 325 283
face 0.980136513710022 517 242 541 274
face 0.9695770144462585 162 127 189 157
face 0.9588408470153809 262 128 289 155
face 0.9445229768753052 476 117 504 148
face 0.9441019296646118 362 129 390 161
face 0.7124633193016052 825 115 852 145
