face 0.9992973804473877 64 97 144 212
face 0.9991716146469116 463 106 543 224
face 0.9818284511566162 710 499 731 528
face 0.9732248187065125 265 528 286 559
face 0.96900475025177 857 485 877 510
face 0.9598835110664368 801 503 824 535
face 0.9316970705986023 957 504 975 530
face 0.927132248878479 884 403 900 423
face 0.9026908874511719 887 513 908 539
face 0.8974589705467224 186 91 223 128
face 0.8965502977371216 206 527 227 555
face 0.886504590511322 657 500 679 530
face 0.8582537174224854 773 496 794 525
face 0.8236591815948486 931 519 948 542
face 0.808941125869751 962 447 978 469
face 0.799098551273346 866 448 884 471
face 0.7704786658287048 966 344 985 366
face 0.7694764733314514 923 490 939 512
face 0.764990508556366 981 519 998 545
face 0.7150075435638428 930 450 946 473
face 0.7034308910369873 135 464 153 485
face 0.7013096809387207 729 524 753 552
face 0.6746861934661865 931 412 947 435
