face 0.9998770952224731 529 56 592 147
face 0.9984643459320068 936 356 979 412
face 0.997701108455658 870 330 911 380
face 0.9977002739906311 760 352 809 409
face 0.9959121942520142 228 71 284 134
face 0.9944211840629578 988 342 1019 394
face 0.9899380207061768 463 159 518 226
face 0.9894522428512573 888 376 925 420
face 0.9618062973022461 950 53 983 90
face 0.8771034479141235 779 114 811 152
face 0.7119235396385193 355 153 393 201
face 0.6621683835983276 845 192 881 245
face 0.6574459671974182 362 59 402 104
