face 0.9979327917098999 539 154 565 185
face 0.9978614449501038 792 169 821 209
face 0.9976145029067993 971 182 999 219
face 0.9973863959312439 83 164 111 197
face 0.9963535070419312 766 146 792 180
face 0.9951382279396057 917 146 954 193
face 0.9946059584617615 436 162 457 186
face 0.9933329224586487 595 161 620 188
face 0.9928250312805176 25 176 48 208
face 0.9909892678260803 739 155 761 184
face 0.9908965229988098 829 146 855 178
face 0.9893969297409058 665 154 691 183
face 0.9878639578819275 463 179 486 208
face 0.9834940433502197 383 174 408 201
face 0.9775287508964539 250 168 268 192
face 0.9758696556091309 185 182 205 206
face 0.9710449576377869 405 229 462 305
face 0.9163429141044617 635 169 657 194
face 0.8265883326530457 323 185 341 207
face 0.8172348141670227 492 176 509 199
face 0.781946063041687 983 158 1006 185
