face 0.9999616146087646 687 213 761 306
face 0.9999449253082275 472 221 537 300
face 0.9998903274536133 588 204 658 299
face 0.9998112320899963 806 182 845 232
face 0.9997041821479797 952 179 1021 287
face 0.9994507431983948 901 167 955 259
face 0.9992367029190063 294 238 354 314
face 0.998879611492157 100 199 140 252
face 0.998781144618988 124 287 183 363
face 0.9983863830566406 34 243 88 310
face 0.9935256242752075 237 243 272 290
face 0.9928981065750122 656 105 690 148
face 0.9913749098777771 96 127 120 160
face 0.9912242889404297 443 108 470 145
face 0.9757145047187805 387 66 414 99
face 0.9732745885848999 537 18 558 47
face 0.9721965789794922 141 109 165 138
face 0.9544776082038879 493 154 525 199
face 0.9463711977005005 273 127 299 157
face 0.9435080885887146 31 153 61 183
face 0.9346073269844055 236 190 266 225
face 0.9266011118888855 151 139 176 171
face 0.9111691117286682 278 220 307 259
face 0.9108657240867615 74 116 94 144
face 0.90874844789505 591 78 619 112
face 0.901093065738678 526 92 549 124
face 0.9001611471176147 417 114 443 145
face 0.8908755779266357 397 146 425 181
face 0.8874194025993347 465 63 490 93
face 0.8869260549545288 0 242 30 283
face 0.8585644364356995 191 216 221 251
face 0.8294193744659424 446 1 473 30
face 0.8090341091156006 90 39 108 66
face 0.7982432842254639 347 154 373 184
face 0.7929250597953796 -2 292 39 356
face 0.7379661202430725 869 61 894 92
face 0.6117424964904785 155 70 175 93
