face 0.9993374943733215 621 305 655 341
face 0.9986209869384766 544 288 573 325
face 0.9981750249862671 485 319 513 357
face 0.9981045722961426 752 312 784 351
face 0.9979478716850281 284 311 313 345
face 0.9972525238990784 814 300 846 341
face 0.9965830445289612 422 317 449 352
face 0.9936321377754211 371 412 398 445
face 0.9934195876121521 598 263 626 302
face 0.9900177121162415 698 340 727 378
face 0.9892886877059937 311 449 336 489
face 0.9869487285614014 448 417 477 456
face 0.9869280457496643 458 276 488 314
face 0.9858816862106323 211 315 236 345
face 0.9499748945236206 278 275 301 305
face 0.9453530311584473 357 331 384 364
face 0.9448878765106201 569 450 599 485
face 0.9427266716957092 510 475 538 509
