face 0.9705203175544739 585 239 607 268
face 0.9587664604187012 365 238 384 264
face 0.9572592377662659 656 250 677 281
face 0.931323766708374 104 226 123 252
face 0.9104102253913879 239 239 257 261
face 0.9092298150062561 961 252 978 277
face 0.8734334111213684 719 260 736 285
face 0.8339438438415527 297 234 317 262
face 0.7817111015319824 845 219 864 246
face 0.770395040512085 168 223 186 249
face 0.7041744589805603 41 247 58 272
face 0.6488260626792908 432 253 450 280
face 0.6273096799850464 787 235 804 260
