face 0.9998156428337097 505 146 539 183
face 0.9997099041938782 815 158 847 197
face 0.9996539354324341 79 157 112 197
face 0.9995552897453308 601 138 636 180
face 0.9995115995407104 130 316 166 358
face 0.9993497729301453 781 273 817 315
face 0.9990190267562866 221 310 259 357
face 0.9988418221473694 179 153 220 192
face 0.9987447261810303 398 150 433 191
face 0.9983308911323547 289 160 323 202
face 0.9982037544250488 504 332 537 371
face 0.9981514811515808 381 306 419 353
face 0.9966591596603394 714 123 746 164
face 0.9945579767227173 635 294 672 335
