face 0.9956491589546204 74 195 94 222
face 0.9939355254173279 607 239 634 271
face 0.9887008666992188 583 186 604 210
face 0.9881017208099365 505 176 528 199
face 0.9849973917007446 615 74 634 98
face 0.9831292033195496 878 170 896 195
face 0.9823892712593079 96 235 117 264
face 0.982339084148407 90 105 108 124
face 0.9799482822418213 786 171 810 199
face 0.9787035584449768 870 86 889 110
face 0.9776936769485474 345 136 364 156
face 0.9766825437545776 162 201 182 228
face 0.9742177128791809 52 129 70 154
face 0.9696318507194519 43 253 64 280
face 0.9691371321678162 303 158 323 179
face 0.9652156233787537 461 33 482 58
face 0.9622772932052612 738 211 770 251
face 0.9616372585296631 185 186 205 210
face 0.9600550532341003 756 116 775 141
face 0.9587785005569458 661 250 683 279
face 0.9568468332290649 150 149 171 171
face 0.9552669525146484 390 83 411 105
face 0.9546041488647461 537 75 555 97
face 0.9487490653991699 293 91 312 110
face 0.9445787072181702 632 192 654 218
face 0.9389526844024658 340 105 356 124
face 0.9366756081581116 231 249 266 282
face 0.9339074492454529 1 179 18 208
face 0.9326476454734802 610 142 629 168
face 0.93121737241745 908 167 925 191
face 0.929144561290741 543 26 562 51
face 0.9240938425064087 480 119 498 141
face 0.9144428968429565 499 245 522 276
face 0.9143846035003662 427 261 447 286
face 0.89964359998703 814 105 830 126
face 0.889215350151062 545 108 562 130
face 0.8886741995811462 545 190 562 216
face 0.8847096562385559 270 165 287 184
face 0.8843561410903931 907 217 927 244
face 0.8797269463539124 231 173 250 193
face 0.8740174770355225 625 305 662 357
face 0.8693753480911255 491 7 510 26
face 0.8666130304336548 564 103 584 127
face 0.8639639019966125 984 243 1006 269
face 0.8603584170341492 117 200 134 223
face 0.8541742563247681 414 2 437 22
face 0.8269630074501038 230 79 252 101
face 0.826063334941864 383 127 400 149
face 0.8224285840988159 846 50 863 70
face 0.8157784938812256 406 120 424 139
face 0.8132368326187134 144 266 162 294
face 0.8063818216323853 966 135 982 158
face 0.7911056280136108 338 179 360 199
face 0.7899733185768127 890 127 907 150
face 0.7887848019599915 353 172 375 194
face 0.7807632088661194 666 30 689 56
face 0.7755129337310791 580 7 601 29
face 0.7676127552986145 145 94 163 116
face 0.762248158454895 971 22 987 46
face 0.7601740956306458 832 106 849 129
face 0.759861409664154 905 104 921 125
face 0.7485491037368774 514 52 533 73
face 0.7449636459350586 179 97 197 118
face 0.7425137758255005 781 115 800 141
face 0.7402639985084534 301 215 320 234
face 0.7341032028198242 786 54 805 79
face 0.7223747968673706 303 123 319 142
face 0.7213367819786072 433 216 454 241
face 0.7160930037498474 230 127 246 147
face 0.7080550789833069 284 135 302 156
face 0.6940642595291138 839 186 857 210
face 0.6925113797187805 486 90 506 110
face 0.6849767565727234 439 348 459 378
face 0.6825277805328369 935 169 951 191
face 0.6812692880630493 518 146 537 167
face 0.670312762260437 78 148 94 170
face 0.6672282218933105 456 102 473 122
face 0.6473232507705688 335 38 355 60
face 0.6403519511222839 120 108 138 131
face 0.6345530152320862 855 1 874 20
face 0.633220911026001 976 197 992 220
face 0.6217964291572571 112 137 129 158
face 0.6121482849121094 197 1 217 19
face 0.610317051410675 318 80 339 100
face 0.6066861152648926 617 37 638 62
face 0.600994348526001 361 115 377 136
