face 0.9999334812164307 269 235 331 308
face 0.9998910427093506 226 107 280 172
face 0.9997194409370422 379 281 435 349
face 0.999524712562561 844 201 898 270
face 0.9994388222694397 632 248 684 315
face 0.9993759989738464 529 272 584 349
face 0.9993658661842346 125 235 180 317
face 0.9991077780723572 724 207 776 269
face 0.9988435506820679 364 71 413 136
face 0.9981755018234253 772 127 818 181
face 0.9980594515800476 824 94 867 146
face 0.9969845414161682 869 123 910 180
face 0.9963418841362 492 97 538 149
face 0.9932963252067566 644 143 688 200
