face 0.9997503161430359 411 244 441 276
face 0.9996850490570068 756 363 793 406
face 0.9996335506439209 365 162 393 196
face 0.9995766282081604 604 275 634 309
face 0.9995532631874084 325 243 358 283
face 0.9994418025016785 507 346 538 384
face 0.9994205236434937 832 163 863 194
face 0.9994184970855713 774 253 803 288
face 0.9994009733200073 124 149 154 183
face 0.9993011951446533 643 356 677 396
face 0.9991751313209534 241 259 269 292
face 0.999160885810852 683 257 713 291
face 0.9990977048873901 160 261 190 296
face 0.9990800619125366 136 368 171 409
face 0.9990050196647644 741 157 770 192
face 0.9988831877708435 264 363 297 404
face 0.9986332058906555 611 157 639 189
face 0.9979938268661499 387 353 417 388
face 0.997349739074707 501 233 530 269
face 0.9965983033180237 891 253 925 291
face 0.995158851146698 443 154 469 184
face 0.9947379231452942 292 165 319 196
face 0.9911285638809204 676 157 702 186
face 0.9881290793418884 218 176 244 207
face 0.9706323742866516 521 156 548 183
face 0.9684472680091858 75 254 103 287
