face 0.9986259937286377 743 233 770 271
face 0.9985308647155762 97 134 130 168
face 0.9982890486717224 596 247 624 283
face 0.9980270266532898 325 232 355 272
face 0.9979038238525391 242 246 271 282
face 0.9978814721107483 620 135 646 170
face 0.997651994228363 165 251 197 289
face 0.9974830746650696 266 137 297 171
face 0.9958261251449585 176 122 204 159
face 0.9948810338973999 337 133 363 162
face 0.9930400848388672 411 266 443 306
face 0.9927722811698914 406 124 432 156
face 0.9919305443763733 910 129 938 167
face 0.9906412959098816 549 139 575 172
face 0.9891475439071655 663 228 694 266
face 0.9846908450126648 507 237 540 282
face 0.9844633340835571 689 145 715 173
face 0.9770629405975342 833 142 858 174
face 0.9738340973854065 832 242 861 276
face 0.961256742477417 896 231 925 263
face 0.9353298544883728 671 184 696 215
face 0.9028924107551575 770 156 793 180
face 0.8932816386222839 490 124 515 154
face 0.7912933230400085 384 170 412 198
