face 0.9996966123580933 259 71 292 120
face 0.9996137022972107 676 87 713 137
face 0.9988844990730286 192 274 226 323
face 0.9984951019287109 425 109 458 151
face 0.9980575442314148 168 52 201 95
face 0.9961733222007751 539 82 579 129
face 0.9954590797424316 13 293 47 344
face 0.9942389726638794 44 59 77 106
face 0.9927782416343689 127 177 165 224
face 0.9837465882301331 22 184 62 232
face 0.9145011901855469 914 168 952 220
face 0.852681577205658 920 66 946 112
face 0.80745929479599 154 308 181 346
face 0.6866155862808228 335 116 370 160
