face 0.9958378076553345 506 470 528 499
face 0.9866909980773926 479 316 498 341
face 0.9827067852020264 430 445 455 478
face 0.9758262038230896 762 426 781 453
face 0.9733121991157532 866 322 883 347
face 0.9692204594612122 133 456 155 483
face 0.9691241979598999 779 305 800 333
face 0.9606404304504395 597 424 615 449
face 0.957240641117096 713 316 734 342
face 0.9501075744628906 467 265 485 289
face 0.947716236114502 657 463 677 490
face 0.9413819909095764 511 312 529 339
face 0.9396506547927856 375 451 397 478
face 0.935283899307251 398 317 416 343
face 0.9267927408218384 579 303 602 332
face 0.9028940200805664 372 405 392 432
face 0.9000165462493896 515 422 536 451
face 0.8982996940612793 205 432 225 458
face 0.8844651579856873 461 420 483 451
face 0.8585227131843567 194 338 212 364
face 0.8349509835243225 641 310 661 336
face 0.8145567774772644 290 453 309 481
face 0.8118249773979187 173 278 189 301
face 0.8042988777160645 147 303 166 331
face 0.7587389349937439 418 315 436 341
face 0.7286520004272461 552 468 573 494
face 0.6866301894187927 232 317 251 342
face 0.679408073425293 324 382 342 409
face 0.6685810089111328 435 417 454 442
face 0.6632001996040344 812 462 838 496
