face 0.9995181560516357 476 368 506 405
face 0.9992214441299438 568 287 598 322
face 0.9983459711074829 764 281 794 322
face 0.9979478716850281 550 372 581 413
face 0.9976044297218323 171 192 198 222
face 0.9972423315048218 439 301 466 334
face 0.9968438148498535 786 197 812 229
face 0.9952443242073059 665 278 694 313
face 0.9946972131729126 445 215 470 245
face 0.9946075081825256 696 192 723 221
face 0.9935479760169983 345 296 371 330
face 0.9925883412361145 324 204 347 232
face 0.9924784898757935 815 190 837 215
face 0.992175281047821 413 204 437 232
face 0.9920473098754883 276 200 303 230
face 0.9919919371604919 378 212 404 241
face 0.9899379014968872 233 199 258 229
face 0.9893460869789124 566 195 592 223
face 0.9888247847557068 491 201 515 229
face 0.9867413640022278 613 218 637 247
face 0.9648432731628418 653 197 675 224
face 0.958781898021698 128 201 155 229
face 0.9505534768104553 527 214 551 241
face 0.944248378276825 730 187 752 213
face 0.8199788928031921 880 188 904 218
