face 0.998242974281311 820 479 876 537
face 0.9980134963989258 952 582 1012 642
face 0.996136486530304 118 45 165 105
face 0.9955131411552429 165 281 224 332
face 0.9952927827835083 799 256 854 305
face 0.9930204749107361 532 712 609 817
face 0.9923419952392578 936 249 985 309
face 0.9914591312408447 155 808 213 867
face 0.9914378523826599 834 129 891 185
face 0.9881685376167297 418 14 476 83
face 0.9822599291801453 903 29 949 78
face 0.9783581495285034 306 266 368 329
face 0.9737849235534668 379 386 432 436
face 0.9715808033943176 771 607 837 677
face 0.9386129975318909 664 474 724 543
face 0.9340307712554932 993 463 1028 525
face 0.9325187802314758 726 373 778 423
face 0.9283983111381531 899 718 949 773
face 0.9081730246543884 609 259 663 328
face 0.8717373013496399 721 719 793 796
face 0.8322776556015015 22 388 75 443
face 0.7943474054336548 290 431 326 476
face 0.6989427804946899 374 139 440 196
face 0.6288753747940063 744 12 800 56
