face 0.9998378753662109 243 109 300 180
face 0.9998180270195007 744 145 806 222
face 0.9959047436714172 736 4 759 30
face 0.993675172328949 939 72 960 100
face 0.9813526272773743 812 75 835 103
face 0.9778607487678528 243 18 263 43
face 0.9775746464729309 832 143 856 176
face 0.9740843772888184 531 130 548 153
face 0.9697085022926331 62 24 78 46
face 0.9679218530654907 458 160 480 186
face 0.9661368727684021 180 19 198 42
face 0.9651427865028381 878 175 903 205
face 0.9601048827171326 500 197 521 225
face 0.9597247838973999 882 39 901 64
face 0.9570230841636658 127 20 142 42
face 0.9479559063911438 722 77 748 108
face 0.9425591826438904 308 16 326 39
face 0.9373739361763 669 0 693 23
face 0.9357455372810364 602 131 621 153
face 0.9194452166557312 590 195 610 220
face 0.8425427079200745 528 174 547 198
face 0.8090171813964844 883 11 900 32
face 0.7900527715682983 946 6 962 28
face 0.68027663230896 87 25 102 45
