face 0.9800623059272766 82 158 101 178
face 0.9749941825866699 895 188 912 208
face 0.9620596766471863 979 330 1005 368
face 0.9609582424163818 427 317 456 355
face 0.9220213294029236 844 174 858 191
face 0.9094793200492859 397 191 420 220
face 0.9070531725883484 775 224 801 250
face 0.8909783959388733 854 248 878 281
face 0.8685365915298462 485 278 505 304
face 0.8595471978187561 74 295 109 349
face 0.7160065770149231 332 181 349 200
face 0.675892174243927 922 192 935 209
face 0.6693423390388489 959 180 973 197
face 0.6516236662864685 114 121 127 135
face 0.6399739384651184 122 281 143 314
face 0.6087614297866821 151 191 175 220
