face 0.9993771910667419 231 356 266 401
face 0.9983295798301697 251 229 282 265
face 0.9979758858680725 205 208 236 243
face 0.9978263974189758 274 352 306 393
face 0.9973179697990417 324 359 356 397
face 0.9952179789543152 718 391 751 436
face 0.9939756989479065 657 62 683 93
face 0.9939728379249573 845 34 873 65
face 0.9939337372779846 789 60 817 93
face 0.989489734172821 358 73 387 102
face 0.9888533353805542 296 50 322 81
face 0.9868341088294983 816 10 842 40
face 0.9829187393188477 250 93 274 119
face 0.9824953079223633 987 188 1016 221
face 0.979064404964447 672 229 703 261
face 0.9779683947563171 937 162 964 195
face 0.9660476446151733 465 76 488 102
face 0.9640637636184692 412 347 449 394
face 0.9603919982910156 785 212 817 253
face 0.9498724937438965 758 31 788 65
face 0.9467093348503113 852 388 880 426
face 0.9403160214424133 192 44 216 73
face 0.9385721683502197 357 223 387 255
face 0.9224144816398621 553 233 585 271
face 0.9175424575805664 646 210 668 234
face 0.9114230871200562 899 156 925 187
face 0.902657151222229 421 369 455 414
face 0.8880993127822876 336 422 361 460
face 0.8812912702560425 893 240 919 270
face 0.8751532435417175 17 101 41 128
face 0.871096134185791 538 100 556 123
face 0.8639415502548218 894 44 918 74
face 0.8629247546195984 671 352 708 394
face 0.8569501638412476 468 215 491 239
face 0.8535822629928589 1000 38 1022 73
face 0.848107635974884 308 567 347 608
face 0.8242470622062683 940 -1 968 26
face 0.82059645652771 257 331 289 371
face 0.7898170948028564 973 12 999 45
face 0.6804825067520142 97 363 118 390
face 0.616340696811676 279 204 309 243
face 0.6125089526176453 948 410 979 453
face 0.6034644842147827 150 337 176 370
