face 0.9996408224105835 920 348 981 415
face 0.9990561604499817 269 363 314 410
face 0.998723566532135 331 391 390 450
face 0.9975462555885315 62 384 101 428
face 0.9975041747093201 652 356 711 415
face 0.9894713163375854 973 322 998 351
face 0.9757485389709473 104 405 144 455
face 0.965715765953064 487 324 529 377
face 0.9640663266181946 926 315 954 343
face 0.9580925703048706 783 316 807 343
face 0.9519978165626526 342 322 368 348
face 0.8450997471809387 788 295 804 312
face 0.7715417742729187 116 321 133 337
face 0.69810551404953 901 302 927 326
face 0.6149003505706787 897 324 923 350
