face 0.9960307478904724 237 11 262 44
face 0.995681643486023 567 107 630 177
face 0.9933183193206787 15 7 48 50
face 0.99142986536026 404 24 437 67
face 0.9894223809242249 135 3 162 35
face 0.9784033298492432 53 21 78 54
face 0.9631621837615967 707 27 733 63
face 0.9427170157432556 371 33 398 63
face 0.9217048287391663 521 43 551 79
face 0.9144655466079712 107 31 134 62
face 0.8877472877502441 924 76 946 106
face 0.8450037837028503 863 20 898 61
face 0.8081218004226685 313 33 333 62
face 0.7190605401992798 332 35 356 62
face 0.6817680597305298 774 38 807 72
face 0.6137746572494507 306 4 323 26
