face 0.9994605183601379 677 487 707 527
face 0.9991262555122375 737 496 771 539
face 0.9985289573669434 762 410 793 449
face 0.9982559084892273 922 360 952 398
face 0.9980748891830444 458 478 486 513
face 0.9980260729789734 184 310 213 344
face 0.9978417158126831 381 286 410 324
face 0.9976816177368164 260 280 289 316
face 0.9973697662353516 581 319 608 355
face 0.9972049593925476 607 486 636 519
face 0.997168242931366 875 351 905 387
face 0.996976375579834 521 481 550 515
face 0.9969363212585449 606 390 634 428
face 0.996915340423584 677 394 704 431
face 0.9967922568321228 69 305 102 345
face 0.9964207410812378 122 299 155 337
face 0.9958701729774475 760 332 789 368
face 0.995182454586029 323 294 351 330
face 0.9947168231010437 547 381 576 415
face 0.9942518472671509 387 480 415 516
face 0.9918997287750244 478 387 506 417
face 0.9876583218574524 698 337 725 373
face 0.9867559671401978 523 304 551 339
face 0.981120765209198 670 282 699 319
face 0.9779989719390869 450 303 478 337
face 0.9729213714599609 843 347 869 382
face 0.9118534922599792 824 335 845 366
face 0.8432143926620483 711 386 735 420
