face 0.9997691512107849 96 145 143 203
face 0.9997245669364929 525 383 580 448
face 0.9995362758636475 658 276 715 335
face 0.9994274377822876 521 272 570 335
face 0.9993736147880554 809 270 855 329
face 0.9992596507072449 759 376 814 440
face 0.9988279938697815 134 394 189 463
face 0.9985394477844238 186 85 227 135
face 0.9985136389732361 552 63 597 120
face 0.9984425902366638 687 42 732 95
face 0.9983275532722473 215 139 260 192
face 0.9983172416687012 432 81 478 136
face 0.9982333183288574 251 275 297 338
face 0.997944176197052 384 287 431 349
face 0.9976512789726257 313 73 358 130
face 0.997612714767456 626 129 671 186
face 0.9945628046989441 357 146 407 203
face 0.9944865107536316 481 136 532 193
face 0.99436354637146 839 58 885 111
face 0.9937310814857483 875 106 921 169
face 0.9893910884857178 746 101 789 156
face 0.9870770573616028 333 401 380 461
face 0.9859010577201843 107 276 153 339
