face 0.9997795224189758 693 125 727 165
face 0.9996691942214966 389 121 422 162
face 0.9996179342269897 489 124 523 165
face 0.9995342493057251 592 124 623 165
face 0.9995272159576416 821 58 854 97
face 0.9994168281555176 299 128 333 170
face 0.9992882609367371 672 74 701 110
face 0.999278724193573 99 112 133 152
face 0.9992691874504089 581 75 610 112
face 0.9992480874061584 792 124 826 163
face 0.9992241859436035 201 125 233 165
face 0.9991723299026489 179 230 216 273
face 0.9991551637649536 487 61 517 100
face 0.9990187883377075 486 259 524 308
face 0.998997151851654 374 231 412 278
face 0.997908353805542 896 128 927 169
face 0.9979043006896973 755 66 784 103
face 0.9977235198020935 671 249 707 295
face 0.9974683523178101 232 67 261 101
face 0.9970780611038208 318 70 346 105
face 0.996903121471405 146 69 177 105
face 0.9935200810432434 408 77 435 114
face 0.9903473854064941 827 235 863 278
face 0.9895836114883423 550 276 585 319
