face 0.9991839528083801 654 124 692 174
face 0.9976661205291748 473 151 506 200
face 0.9972418546676636 360 150 398 201
face 0.9957072138786316 558 132 596 179
face 0.9813491702079773 548 45 573 76
face 0.9787433743476868 306 8 331 37
face 0.9779133200645447 512 56 533 84
face 0.970609724521637 487 63 507 91
face 0.9454511404037476 379 0 401 24
face 0.8999865651130676 340 -2 367 21
face 0.8445937037467957 268 12 288 43
face 0.7649890184402466 586 81 611 108
face 0.7251347303390503 468 77 489 104
face 0.655545711517334 447 109 466 131
