face 0.9968690276145935 419 94 446 127
face 0.9949181079864502 586 105 612 139
face 0.9875546097755432 652 78 676 109
face 0.9813372492790222 237 81 262 118
face 0.9811508059501648 193 102 226 142
face 0.9706618189811707 499 82 523 112
face 0.9596684575080872 706 72 727 99
face 0.9591584801673889 754 80 781 113
face 0.9458868503570557 566 74 591 105
face 0.9424762725830078 394 149 416 174
face 0.9390537142753601 838 110 871 143
face 0.9055572748184204 297 92 323 120
face 0.8842735290527344 333 114 356 142
