face 0.9999972581863403 890 486 1016 679
face 0.9995381832122803 273 309 338 399
face 0.9986005425453186 373 283 402 325
face 0.9962643980979919 884 323 934 394
face 0.9908167123794556 792 274 825 319
face 0.9801536798477173 612 305 637 337
face 0.978122353553772 684 268 706 298
face 0.9544433951377869 177 277 200 306
face 0.9331032037734985 926 245 945 271
face 0.9158548712730408 959 260 974 281
face 0.785234808921814 844 232 861 256
face 0.7342312335968018 768 273 788 305
face 0.6219636797904968 574 243 589 264
