face 0.9989228844642639 699 262 740 307
face 0.9987871050834656 387 273 423 319
face 0.9965035915374756 439 252 466 286
face 0.9862921237945557 238 257 261 286
face 0.9843710064888 328 221 346 245
face 0.9786486029624939 947 201 966 225
face 0.9725526571273804 92 255 115 281
face 0.9641427397727966 122 292 149 325
face 0.9527171850204468 488 228 510 259
face 0.9418832063674927 265 242 283 264
face 0.904768168926239 168 241 186 263
face 0.8658398389816284 190 236 207 256
face 0.8644500970840454 909 191 925 209
face 0.704946756362915 221 223 238 241
face 0.6485452055931091 350 212 365 232
