face 0.9997568726539612 126 369 163 416
face 0.9995508790016174 726 373 762 417
face 0.9988622665405273 907 359 942 399
face 0.9984328150749207 460 382 493 423
face 0.9983799457550049 525 383 557 420
face 0.9976264834403992 278 333 307 370
face 0.9969531297683716 181 244 215 286
face 0.9968221187591553 832 349 868 392
face 0.9963755011558533 539 237 564 269
face 0.9958022236824036 492 352 523 385
face 0.9953579306602478 786 315 817 351
face 0.99481600522995 188 380 222 423
face 0.9948124885559082 183 309 219 347
face 0.9942407608032227 651 249 679 282
face 0.9939531683921814 609 378 645 427
face 0.992159366607666 234 381 276 432
face 0.9901798963546753 642 344 670 380
face 0.9847866892814636 730 232 758 267
face 0.9844509363174438 841 303 870 336
face 0.9815647006034851 462 224 492 255
face 0.9791067838668823 489 286 516 319
face 0.9766138195991516 408 348 435 383
face 0.9735289812088013 591 238 616 269
face 0.9723799228668213 458 282 486 313
face 0.9715026617050171 568 369 596 402
face 0.9704990983009338 281 299 309 330
face 0.9635956287384033 356 394 385 430
face 0.9617356061935425 762 280 792 311
face 0.9576185345649719 819 237 846 270
face 0.9496181607246399 690 226 716 258
face 0.8164133429527283 713 340 740 371
face 0.7500194907188416 277 209 305 247
