face 0.9999326467514038 422 73 456 116
face 0.9999054670333862 694 67 728 112
face 0.9996954202651978 792 54 828 103
face 0.9996277093887329 609 63 647 112
face 0.9995747208595276 89 148 134 204
face 0.9995493292808533 811 224 858 283
face 0.9994736313819885 496 183 532 226
face 0.9994045495986938 635 145 672 194
face 0.9993100166320801 301 251 344 306
face 0.9992269277572632 676 232 719 290
face 0.9991329312324524 778 134 820 189
face 0.9990672469139099 557 243 603 293
face 0.9989140033721924 221 46 258 97
face 0.9986817240715027 520 73 554 115
face 0.998612642288208 337 44 374 92
face 0.9984869956970215 438 248 479 302
face 0.9984858632087708 170 240 214 294
face 0.9979895353317261 209 139 249 191
face 0.9966537952423096 903 130 945 185
face 0.9947671890258789 336 122 376 175
