face 0.9999418258666992 484 334 522 378
face 0.9998898506164551 615 138 650 181
face 0.9998546838760376 220 337 252 376
face 0.9998399019241333 858 346 898 395
face 0.9997661709785461 411 171 441 207
face 0.9995684027671814 521 153 557 192
face 0.9995380640029907 710 146 749 191
face 0.9994997978210449 664 364 704 404
face 0.9994800686836243 344 331 379 382
face 0.9993739724159241 813 132 846 179
face 0.9987071752548218 316 147 348 188
face 0.9978516101837158 220 139 249 175
face 0.9946664571762085 100 350 132 394
