face 0.9966302514076233 777 124 805 157
face 0.9849637150764465 775 5 801 35
face 0.9758826494216919 632 114 654 141
face 0.9723134636878967 842 58 870 93
face 0.9590051770210266 732 62 757 92
face 0.9427400827407837 917 0 948 35
face 0.9163843393325806 683 56 706 82
face 0.8730408549308777 850 120 877 155
face 0.8716990351676941 727 303 774 368
face 0.8705247640609741 510 18 529 39
face 0.8633124828338623 181 44 200 64
face 0.8479264974594116 658 4 675 26
face 0.8454158902168274 568 1 587 23
face 0.8392418026924133 740 11 758 34
face 0.7687901854515076 483 17 499 35
face 0.767880380153656 246 173 273 210
face 0.7396800518035889 629 18 647 41
face 0.6950325965881348 718 117 745 147
face 0.630450963973999 92 36 107 53
face 0.6259030699729919 328 96 348 120
