face 0.999167799949646 92 122 139 186
face 0.9987257122993469 860 316 914 375
face 0.9970734119415283 219 402 253 443
face 0.9967249035835266 555 359 589 398
face 0.9937716126441956 628 347 666 389
face 0.9897404909133911 984 301 1025 351
face 0.9879431128501892 344 212 368 240
face 0.9847085475921631 675 348 716 396
face 0.9731460213661194 332 386 365 425
face 0.9727498888969421 852 208 873 231
face 0.9431520104408264 180 379 212 418
face 0.9266510605812073 634 208 652 230
face 0.9253862500190735 466 363 500 405
face 0.8865277767181396 969 190 989 218
face 0.8500365018844604 457 221 479 249
face 0.6276746392250061 765 210 785 233
