face 0.9998522996902466 602 212 649 270
face 0.9997692704200745 345 81 383 126
face 0.9992932081222534 807 23 840 59
face 0.9992376565933228 530 60 570 109
face 0.9988239407539368 909 47 944 85
face 0.9986377358436584 172 238 224 301
face 0.9985117316246033 778 240 826 294
face 0.9983553290367126 127 115 168 167
face 0.9982274174690247 276 242 321 298
face 0.9981998205184937 297 68 336 115
face 0.9980199337005615 614 77 655 126
face 0.998011589050293 690 29 727 75
face 0.9979010820388794 251 134 294 183
face 0.9977778792381287 885 101 922 146
face 0.9976285099983215 539 233 581 283
face 0.9972400665283203 760 42 795 78
face 0.9972164630889893 402 125 443 178
face 0.9970455765724182 708 283 747 337
face 0.9969364404678345 419 57 461 111
face 0.9968875050544739 667 100 711 156
face 0.9967899918556213 482 104 524 155
face 0.9962798953056335 186 77 230 132
face 0.9954713582992554 913 137 953 186
face 0.9946621060371399 829 110 874 158
face 0.9876655340194702 751 107 792 157
face 0.9339577555656433 394 245 440 292
face 0.8963634967803955 24 18 40 37
face 0.8881015777587891 937 11 956 31
face 0.8850996494293213 901 2 918 21
face 0.8246966600418091 63 35 78 51
face 0.8066243529319763 872 25 891 44
face 0.7803052067756653 107 24 124 42
face 0.6996326446533203 983 21 999 37
face 0.6158032417297363 164 20 181 39
