face 0.9993065595626831 735 51 765 94
face 0.9992223978042603 149 62 179 99
face 0.9990969896316528 486 58 519 98
face 0.9986542463302612 551 34 584 73
face 0.9978502988815308 957 27 985 64
face 0.9976605176925659 411 74 438 110
face 0.9972307085990906 215 159 248 195
face 0.9965492486953735 594 -2 628 37
face 0.9956234097480774 198 88 224 120
face 0.9944508075714111 344 45 372 81
face 0.9935571551322937 687 58 715 97
face 0.9916565418243408 658 47 683 87
face 0.9867194294929504 445 141 471 173
face 0.9854916930198669 446 51 477 87
face 0.9833316802978516 2 14 27 51
face 0.9776315093040466 964 78 1002 125
face 0.9686375856399536 328 242 360 283
face 0.9672520160675049 81 74 133 122
face 0.9179578423500061 308 44 336 78
face 0.9043121337890625 320 9 343 38
face 0.8935612440109253 213 24 232 49
face 0.7927302122116089 269 171 292 198
face 0.6663936376571655 272 42 292 71
face 0.658555269241333 711 33 738 67
face 0.6462225914001465 617 139 657 188
