face 0.9997833371162415 342 155 387 203
face 0.9993579983711243 477 137 516 180
face 0.998595654964447 851 107 891 153
face 0.998461127281189 697 158 744 213
face 0.9962598085403442 539 200 568 245
face 0.9961697459220886 133 173 181 228
face 0.9918528199195862 790 66 812 89
face 0.9543108344078064 149 76 168 99
face 0.9531415104866028 734 71 753 93
face 0.8890506625175476 606 83 625 105
face 0.8345658779144287 222 72 239 94
face 0.7719744443893433 764 129 783 154
face 0.725233256816864 52 70 72 93
face 0.6042510271072388 450 137 472 162
