face 0.9999769926071167 214 348 281 427
face 0.9991269707679749 142 257 184 303
face 0.9962754249572754 210 212 244 259
face 0.9737201929092407 287 244 330 301
face 0.9722951650619507 844 193 866 220
face 0.9547610878944397 997 253 1023 308
face 0.9091484546661377 891 176 909 199
face 0.878642737865448 801 212 821 238
face 0.8477628827095032 819 163 834 182
face 0.7447609901428223 127 231 164 270
face 0.7424646019935608 476 178 501 215
face 0.7248649001121521 414 231 439 270
face 0.670579731464386 84 224 105 254
face 0.6588813066482544 767 186 789 213
