face 0.9996957778930664 626 406 671 460
face 0.9993190765380859 351 418 398 471
face 0.99931800365448 639 253 678 296
face 0.9983129501342773 521 255 557 297
face 0.9982636570930481 752 242 793 287
face 0.9981112480163574 396 261 436 306
face 0.9978874325752258 300 114 336 158
face 0.9974501729011536 486 444 528 496
face 0.9971811771392822 461 97 494 136
face 0.9961515069007874 204 75 239 117
face 0.9951504468917847 582 43 619 80
face 0.9944919347763062 771 416 814 465
face 0.9936435222625732 716 96 748 135
face 0.9911585450172424 206 267 249 323
face 0.621757984161377 627 550 640 567
