face 0.9993222951889038 630 72 666 126
face 0.9986323714256287 512 844 548 886
face 0.9959904551506042 566 828 598 864
face 0.9958913326263428 718 39 769 114
face 0.9931570887565613 720 842 756 887
face 0.990847110748291 337 282 364 327
face 0.9885224103927612 404 602 424 635
face 0.9813454747200012 630 827 659 864
face 0.9808650612831116 502 69 535 126
face 0.976408064365387 316 611 338 643
face 0.9587556719779968 417 66 440 97
face 0.9560762047767639 254 614 274 646
face 0.9550672769546509 395 316 413 345
face 0.9396829605102539 620 276 639 309
face 0.9190906882286072 470 319 491 351
face 0.7761224508285522 313 47 338 96
face 0.7499886751174927 473 589 492 621
face 0.7400641441345215 697 274 719 311
face 0.6675608158111572 535 288 555 319
face 0.6359087228775024 255 321 270 343
face 0.6271917223930359 569 86 588 123
