face 0.9978821873664856 570 459 600 500
face 0.9976345300674438 522 514 556 558
face 0.9971885085105896 78 312 164 390
face 0.9941693544387817 821 377 848 406
face 0.9933700561523438 756 454 785 486
face 0.9899889230728149 673 396 699 430
face 0.9874888062477112 370 397 400 439
face 0.9839320182800293 872 426 908 462
face 0.9771519303321838 534 380 553 407
face 0.9659331440925598 665 356 684 382
face 0.9321808815002441 627 557 661 596
face 0.9224555492401123 483 211 501 238
face 0.9006535410881042 742 403 764 432
face 0.8830769658088684 419 229 437 255
face 0.879050076007843 599 357 617 382
face 0.8301920890808105 248 360 275 396
face 0.7384567856788635 783 521 820 560
face 0.7377601265907288 609 315 624 337
face 0.6902225017547607 777 326 797 351
face 0.6662329435348511 654 273 668 291
face 0.6549929976463318 269 320 286 344
face 0.6542782187461853 301 278 320 301
face 0.6410271525382996 646 380 665 403
face 0.604825496673584 255 346 273 369
