face 0.9997988343238831 113 300 159 353
face 0.9997652173042297 470 322 521 379
face 0.9997575879096985 773 207 802 241
face 0.999751627445221 374 321 419 375
face 0.9997408986091614 825 189 859 231
face 0.9994648098945618 573 133 609 177
face 0.9990087151527405 380 212 409 248
face 0.9990020394325256 584 338 632 394
face 0.9988355040550232 686 367 737 425
face 0.9987026453018188 502 189 534 224
face 0.9985390901565552 319 209 349 244
face 0.998375415802002 250 317 301 374
face 0.9981064796447754 663 197 695 232
face 0.9980997443199158 444 191 476 230
face 0.998051643371582 776 361 827 416
face 0.9975103139877319 253 209 284 247
face 0.9862087965011597 738 207 764 242
