face 0.9973859190940857 873 392 908 439
face 0.9969322681427002 102 278 131 314
face 0.9964751601219177 813 270 842 307
face 0.9949800372123718 59 372 92 413
face 0.9924259185791016 19 250 48 287
face 0.990465521812439 724 372 762 419
face 0.9900299310684204 25 215 53 248
face 0.9868244528770447 966 223 1002 260
face 0.9865836501121521 865 303 893 336
face 0.9864245057106018 37 171 66 207
face 0.9774100184440613 182 280 210 314
face 0.9753724932670593 345 287 371 322
face 0.9375282526016235 563 298 590 337
face 0.8862762451171875 529 287 552 320
face 0.8777654767036438 261 273 284 302
face 0.7554275393486023 670 310 690 336
face 0.6266483068466187 388 267 407 296
