face 0.9997887015342712 453 242 498 307
face 0.9997510313987732 272 227 316 290
face 0.9988018274307251 762 164 805 231
face 0.9982798099517822 631 277 676 336
face 0.9980272650718689 88 170 131 221
face 0.998023509979248 147 215 193 287
face 0.9977458119392395 197 147 237 190
face 0.9967291355133057 65 237 106 300
face 0.995506763458252 540 255 585 311
face 0.9944494962692261 928 328 971 388
face 0.994378387928009 328 127 361 185
face 0.9925693869590759 588 214 628 276
face 0.9921426773071289 731 330 770 392
face 0.9918451905250549 919 158 964 223
face 0.99112868309021 822 323 861 372
face 0.9906184077262878 231 185 274 244
face 0.9901465773582458 464 157 507 216
face 0.9855889678001404 366 284 405 344
face 0.9844132661819458 672 197 712 259
face 0.9780294895172119 387 221 433 281
face 0.9771815538406372 422 124 460 176
face 0.9722971320152283 48 124 90 182
face 0.9628064632415771 615 115 653 175
