face 0.9985541701316833 243 278 275 314
face 0.9894435405731201 393 252 422 289
face 0.9837485551834106 862 229 887 258
face 0.9692242741584778 741 229 769 260
face 0.9577473402023315 138 217 159 242
face 0.9426856637001038 804 216 829 246
face 0.936607837677002 656 220 683 251
face 0.892907977104187 630 191 649 211
face 0.8554885983467102 334 230 354 259
face 0.8174040913581848 411 224 428 249
face 0.7371612787246704 358 201 370 219
face 0.7264784574508667 265 224 284 249
face 0.6998680830001831 676 191 695 211
face 0.6773699522018433 477 221 500 246
