face 0.9988100528717041 563 328 598 369
face 0.9987840056419373 840 208 873 248
face 0.9980619549751282 332 239 367 275
face 0.9964579939842224 369 321 403 362
face 0.9957854151725769 891 368 928 407
face 0.9944754242897034 562 243 598 282
face 0.9943244457244873 470 321 504 363
face 0.9875476360321045 750 217 785 255
face 0.9865119457244873 774 344 811 387
face 0.9781638383865356 951 225 978 254
face 0.9726983308792114 430 220 469 273
face 0.941057562828064 788 124 805 144
face 0.9399780035018921 738 118 752 136
face 0.9394755363464355 802 149 819 171
face 0.9105610251426697 225 200 258 233
face 0.8904255032539368 701 120 716 137
face 0.8617215156555176 702 152 717 170
face 0.8537513613700867 756 137 773 158
face 0.849217414855957 671 354 709 393
face 0.831354558467865 687 185 704 206
face 0.8246901631355286 371 102 384 120
face 0.8057025671005249 624 138 636 153
face 0.7969460487365723 644 142 658 159
face 0.7935634255409241 450 16 463 31
face 0.7800562381744385 834 125 850 144
face 0.7773144841194153 230 82 244 97
face 0.7761437296867371 694 239 725 270
face 0.7306413054466248 626 56 639 72
face 0.7247914671897888 485 152 498 167
face 0.715431272983551 675 61 688 76
face 0.6961738467216492 580 130 593 146
face 0.689961850643158 514 114 527 129
face 0.6759771108627319 556 28 573 53
face 0.669372022151947 545 147 560 164
face 0.6688712239265442 499 26 515 46
face 0.6631694436073303 832 37 845 54
face 0.6586014032363892 974 138 987 153
face 0.6502541899681091 380 131 393 147
face 0.622584879398346 936 165 950 180
