face 0.9998233914375305 374 339 410 386
face 0.9994972944259644 728 332 763 375
face 0.9990265369415283 130 326 168 371
face 0.9988784193992615 448 353 480 396
face 0.9959035515785217 918 309 953 356
face 0.9933005571365356 527 339 556 375
face 0.9930074214935303 656 305 686 343
face 0.992668628692627 483 338 513 378
face 0.9907121062278748 688 338 715 373
face 0.9899667501449585 626 360 656 398
face 0.9894657135009766 244 363 278 402
face 0.9867419600486755 790 302 826 349
face 0.9844581484794617 422 292 454 330
face 0.9488644599914551 286 365 316 402
face 0.9439982175827026 333 337 363 377
face 0.6657208204269409 612 333 637 365
face 0.602252721786499 280 316 311 352
