face 0.9998138546943665 53 306 88 356
face 0.9996448755264282 769 256 801 296
face 0.9983175992965698 355 236 388 280
face 0.998221218585968 852 407 888 456
face 0.9981918931007385 309 411 345 453
face 0.997956395149231 163 398 200 445
face 0.9975751042366028 149 243 180 284
face 0.9967069029808044 439 411 476 466
face 0.9965763688087463 445 238 476 278
face 0.9963703155517578 247 245 277 284
face 0.9956385493278503 562 404 597 450
face 0.995200514793396 515 241 545 278
face 0.9948564767837524 694 202 722 235
face 0.9947943091392517 875 304 907 346
face 0.993871808052063 704 405 737 446
face 0.9916548728942871 599 247 627 282
face 0.980778694152832 552 185 579 217
face 0.9723755717277527 676 249 704 287
face 0.9634109735488892 356 176 383 213
face 0.9586625695228577 291 177 317 212
face 0.9547981023788452 451 182 477 212
face 0.9230037331581116 628 198 651 230
face 0.919009268283844 217 183 246 218
face 0.9138776063919067 764 212 787 246
