face 0.9985334873199463 112 130 149 173
face 0.9965404272079468 654 57 687 93
face 0.9962026476860046 108 16 140 53
face 0.9953088164329529 468 81 544 177
face 0.9937795996665955 719 0 750 30
face 0.992399275302887 249 48 285 87
face 0.9837326407432556 906 127 942 169
face 0.975983202457428 238 108 280 157
face 0.944780707359314 611 142 648 183
face 0.9417240023612976 777 138 817 184
face 0.9049968719482422 440 54 464 93
face 0.7557772397994995 160 127 189 160
face 0.7102704644203186 345 -2 383 25
face 0.6359033584594727 598 -1 640 38
