face 0.9997814297676086 477 214 507 256
face 0.9997319579124451 107 109 136 149
face 0.9994840621948242 596 115 623 149
face 0.9994151592254639 715 119 743 155
face 0.9992173910140991 212 116 240 153
face 0.9989824891090393 210 229 244 271
face 0.9989050626754761 792 218 822 256
face 0.9988214373588562 683 219 715 263
face 0.9985224604606628 343 212 373 255
face 0.9984046816825867 297 119 322 150
face 0.9983433485031128 573 231 604 270
face 0.9981258511543274 392 117 417 149
face 0.9979628324508667 770 102 796 136
face 0.9977243542671204 545 100 572 133
face 0.9977197051048279 841 398 879 444
face 0.9976617097854614 498 124 526 159
face 0.997603714466095 641 102 665 135
face 0.9961856007575989 251 110 278 143
face 0.9953703284263611 820 120 848 152
face 0.9929715991020203 349 104 372 137
face 0.9872015714645386 93 384 137 432
face 0.9605229496955872 452 87 477 115
