face 0.999583899974823 234 479 269 525
face 0.998909592628479 363 269 392 309
face 0.9983149766921997 706 469 736 505
face 0.9976580142974854 451 453 478 484
face 0.9972168207168579 495 416 521 445
face 0.9969356060028076 674 436 699 467
face 0.9955790638923645 800 482 830 518
face 0.9953510761260986 456 504 482 535
face 0.9953378438949585 518 508 545 543
face 0.9949561953544617 587 464 613 496
face 0.9944416880607605 404 468 431 503
face 0.9943406581878662 461 252 486 289
face 0.9930300116539001 629 460 657 494
face 0.9856502413749695 533 407 557 436
face 0.9582970142364502 409 419 432 451
face 0.8999152779579163 539 275 564 311
