face 0.9709874391555786 164 80 182 102
face 0.9538302421569824 216 59 235 81
face 0.9526626467704773 99 79 122 106
face 0.9516118764877319 25 79 45 108
face 0.940467894077301 548 206 588 255
face 0.9342145919799805 67 89 87 111
face 0.9144905209541321 334 71 352 94
face 0.9141744375228882 304 56 320 75
face 0.9038298726081848 478 86 500 108
face 0.900941014289856 620 111 640 136
face 0.8566890954971313 549 137 571 161
face 0.8241180777549744 573 103 592 125
face 0.8134936094284058 370 239 406 279
face 0.7985863089561462 414 24 431 46
face 0.7707379460334778 338 110 355 131
face 0.7624669671058655 398 84 419 108
face 0.7350878715515137 359 61 377 82
face 0.7329838871955872 647 114 663 132
face 0.657309353351593 498 21 513 39
face 0.6306362152099609 86 1 105 24
