face 0.9996422529220581 595 75 652 152
face 0.9941232800483704 140 160 164 192
face 0.9926976561546326 178 155 203 186
face 0.9558853507041931 238 29 261 56
face 0.9384264349937439 945 154 965 179
face 0.9358115196228027 287 33 309 60
face 0.8812882304191589 64 173 85 200
face 0.8702563643455505 512 79 539 110
face 0.8591116666793823 972 109 991 133
face 0.85358065366745 774 48 792 70
face 0.8367371559143066 201 31 224 59
face 0.8167062401771545 254 114 283 144
face 0.7645145654678345 854 158 872 181
face 0.7588456869125366 217 70 241 100
face 0.7469855546951294 381 74 398 100
face 0.741546094417572 915 118 933 141
face 0.6902521848678589 877 18 893 38
face 0.6735020279884338 429 82 449 105
face 0.6711527705192566 956 89 974 113
face 0.6311758756637573 437 120 456 143
face 0.60930997133255 136 75 161 103
