face 0.9996837377548218 383 102 411 139
face 0.9996383190155029 351 207 381 240
face 0.9995961785316467 197 121 229 155
face 0.9994307160377502 813 54 841 87
face 0.9992659687995911 199 226 232 264
face 0.9992395639419556 408 82 439 121
face 0.9990167617797852 839 200 868 233
face 0.9988425374031067 529 100 561 137
face 0.9987521171569824 473 115 504 152
face 0.9985546469688416 281 78 309 113
face 0.9984614849090576 677 55 707 91
face 0.9983035326004028 734 63 761 100
face 0.9980841875076294 103 94 132 131
face 0.9978995323181152 254 204 283 241
face 0.9976940751075745 610 72 640 104
face 0.9970542192459106 678 291 706 325
face 0.9964141249656677 613 196 641 232
face 0.9958581328392029 882 47 912 80
face 0.9956450462341309 903 169 931 207
face 0.9945220947265625 156 75 183 109
face 0.9936479926109314 99 190 130 224
face 0.9815630912780762 436 194 470 236
face 0.9806905388832092 611 366 642 402
