face 0.9935958981513977 175 216 198 249
face 0.9890998005867004 266 279 292 309
face 0.9709305763244629 327 217 349 243
face 0.9512708783149719 230 236 251 262
face 0.9306238293647766 916 238 937 264
face 0.9250088930130005 855 204 881 232
face 0.8909308910369873 154 309 183 351
face 0.8832740187644958 938 290 965 318
face 0.8807584643363953 439 187 463 216
face 0.8723324537277222 375 149 399 179
face 0.8557060360908508 79 218 102 246
face 0.6966990232467651 943 334 966 372
face 0.674732506275177 42 149 64 174
