face 0.9604408740997314 834 216 855 239
face 0.9270064830780029 748 184 767 206
face 0.9172380566596985 813 274 836 301
face 0.9136708974838257 696 196 715 218
face 0.8652995824813843 891 214 911 236
face 0.8256916999816895 874 258 900 287
face 0.8194844722747803 392 206 409 226
face 0.7978746294975281 304 211 320 232
face 0.7825543880462646 969 257 989 288
face 0.7568345665931702 912 241 929 267
face 0.734245777130127 905 160 921 178
face 0.7067897319793701 675 205 695 226
face 0.6394150257110596 851 343 881 384
face 0.6297829747200012 992 188 1011 209
face 0.6112862825393677 978 208 996 234
