face 0.9995734095573425 886 56 913 92
face 0.9971411228179932 758 32 784 68
face 0.9967417120933533 573 65 598 95
face 0.9967154264450073 288 75 313 104
face 0.9962586164474487 930 50 965 93
face 0.995488703250885 376 60 399 90
face 0.9892780780792236 186 76 209 101
face 0.9843718409538269 447 84 469 109
face 0.9839197993278503 809 53 836 84
face 0.9800620675086975 489 67 511 93
face 0.9757954478263855 628 61 652 92
face 0.9757313132286072 111 88 133 112
face 0.9732410311698914 230 67 254 94
face 0.9555078744888306 655 59 674 87
face 0.9546180963516235 982 47 1000 71
face 0.9374362826347351 588 43 608 66
face 0.9349945187568665 518 37 536 56
face 0.8980408906936646 691 70 713 97
face 0.8585394620895386 539 76 560 102
face 0.8275439143180847 718 66 740 93
face 0.7316420078277588 439 54 461 80
face 0.686710000038147 578 135 610 170
