face 0.9911079406738281 918 581 939 607
face 0.9897494912147522 569 469 596 503
face 0.9861311912536621 952 432 971 458
face 0.9808076024055481 289 451 307 474
face 0.9675474166870117 913 425 945 458
face 0.9515738487243652 841 459 857 478
face 0.933978796005249 138 450 156 469
face 0.9080996513366699 863 485 882 506
face 0.8371530771255493 198 459 215 479
face 0.8155968189239502 234 464 253 486
face 0.8054086565971375 521 461 539 482
face 0.7775843739509583 35 453 59 474
face 0.7474533319473267 63 443 80 462
face 0.7450788617134094 977 545 1005 596
face 0.7419451475143433 88 463 106 486
face 0.731594443321228 456 451 473 471
face 0.7146658897399902 164 458 178 475
face 0.7138959169387817 265 530 281 553
