face 0.9980056881904602 638 517 670 557
face 0.996016800403595 967 374 994 408
face 0.9954729676246643 807 417 834 458
face 0.9939408302307129 647 320 671 353
face 0.9922963976860046 500 292 530 331
face 0.9915661811828613 148 231 185 280
face 0.9883202314376831 178 147 205 184
face 0.9871286153793335 621 269 645 300
face 0.9863917827606201 586 216 603 241
face 0.984120786190033 102 155 130 190
face 0.9760423898696899 740 322 764 355
face 0.961024820804596 416 532 446 572
face 0.9437240362167358 547 238 571 271
face 0.925262987613678 848 325 869 350
face 0.9237288236618042 216 212 243 249
face 0.9143286943435669 888 325 908 348
face 0.8378434777259827 632 214 650 241
face 0.8341875076293945 498 503 531 542
face 0.816794216632843 834 287 848 306
face 0.8100472688674927 265 174 281 194
face 0.7801333069801331 763 248 777 266
face 0.7653000950813293 526 208 543 233
face 0.7188760638237 796 288 813 309
face 0.6606463193893433 650 196 667 223
face 0.6537799835205078 903 282 917 298
face 0.6406357884407043 848 273 861 288
