face 0.9720746874809265 636 38 660 71
face 0.9701899886131287 52 77 75 107
face 0.9662662148475647 671 41 693 72
face 0.9570512771606445 391 35 417 69
face 0.9523564577102661 937 30 970 59
face 0.943452000617981 347 62 369 93
face 0.9382813572883606 196 60 224 97
face 0.9322702884674072 257 46 278 80
face 0.9160982370376587 6 51 33 82
face 0.9126347303390503 152 62 176 91
face 0.9006415009498596 310 22 339 59
face 0.8416691422462463 588 36 609 62
face 0.8227735161781311 777 41 805 77
face 0.8136107921600342 126 47 149 74
face 0.747843325138092 523 35 549 69
