face 0.9997034668922424 782 154 818 199
face 0.9962837100028992 552 212 584 270
face 0.9906765222549438 876 155 906 191
face 0.9874682426452637 446 256 474 297
face 0.9831044673919678 625 182 662 226
face 0.970479428768158 692 170 721 209
face 0.9675195217132568 416 256 450 301
face 0.9534775614738464 915 154 943 191
face 0.9292956590652466 488 259 518 294
face 0.9170365333557129 899 191 934 229
face 0.8993542194366455 221 230 252 273
face 0.715727686882019 530 253 563 295
face 0.6453922390937805 967 161 991 189
