face 0.9990878105163574 794 290 826 330
face 0.9989759922027588 654 340 684 376
face 0.9986431002616882 284 344 313 378
face 0.998306393623352 554 295 584 332
face 0.9979087114334106 338 323 366 358
face 0.9973377585411072 547 351 577 389
face 0.9971628785133362 738 313 772 357
face 0.9961214661598206 499 339 529 375
face 0.9956769347190857 162 363 190 399
face 0.9934399724006653 417 341 447 376
face 0.9910227060317993 612 300 642 340
face 0.9742295145988464 231 357 257 388
face 0.9675273299217224 355 369 383 401
