face 0.9999665021896362 673 116 739 200
face 0.999893307685852 460 169 521 249
face 0.9998540878295898 163 191 193 235
face 0.9991503953933716 328 175 356 211
face 0.9989006519317627 117 185 149 223
face 0.9983880519866943 811 148 869 217
face 0.9980314373970032 969 169 1021 234
face 0.9979128241539001 60 194 87 227
face 0.995678722858429 557 63 622 162
face 0.9902593493461609 267 152 292 183
face 0.9892284870147705 19 200 46 232
face 0.9872560501098633 559 199 623 292
face 0.9819757342338562 895 131 944 186
face 0.9778164625167847 363 175 384 202
face 0.9769831895828247 6 173 31 203
face 0.9071217179298401 220 170 241 199
face 0.8946418166160583 95 182 119 218
face 0.8722993731498718 170 160 194 185
face 0.8649328351020813 412 91 461 142
face 0.7644017934799194 90 156 111 180
