face 0.999395489692688 121 214 153 254
face 0.9982833862304688 195 216 225 250
face 0.9969813227653503 354 225 379 254
face 0.9944695234298706 304 229 328 257
face 0.985741138458252 520 230 539 255
face 0.9852465391159058 659 297 680 321
face 0.9846518039703369 247 217 274 252
face 0.9825195074081421 459 224 481 251
face 0.9764245748519897 370 204 390 230
face 0.9751162528991699 302 197 324 222
face 0.9740235209465027 717 294 739 321
face 0.9665252566337585 801 252 821 274
face 0.9621667861938477 453 301 476 328
face 0.9620397090911865 589 225 608 250
face 0.9578260779380798 593 300 618 332
face 0.9573802351951599 388 312 414 342
face 0.9552649855613708 547 219 563 240
face 0.9508177042007446 424 238 447 265
face 0.9462049007415771 778 228 795 248
face 0.9423907399177551 647 216 666 241
face 0.9297280311584473 915 219 935 241
face 0.9215059876441956 698 247 714 268
face 0.9046079516410828 740 251 757 273
face 0.878201425075531 881 235 898 258
face 0.8528727889060974 618 219 635 241
face 0.6671936511993408 570 211 585 231
face 0.6509459614753723 485 246 505 269
face 0.6299340724945068 411 205 428 229
