face 0.9986637830734253 804 214 868 294
face 0.998548686504364 981 281 1023 353
face 0.9975346326828003 100 157 143 219
face 0.9952605366706848 672 141 793 302
face 0.9919729232788086 359 177 484 326
face 0.9848856329917908 23 272 82 345
face 0.9770908355712891 922 255 975 315
face 0.9769647121429443 1 132 42 190
face 0.9472098350524902 162 259 215 314
face 0.9138138294219971 54 200 105 269
face 0.8685457110404968 173 150 220 204
face 0.8544365763664246 538 173 582 229
face 0.8470944166183472 885 209 928 270
face 0.8407984972000122 39 135 79 186
