face 0.999723494052887 365 53 393 95
face 0.9996455907821655 268 162 302 208
face 0.9996322393417358 653 181 687 232
face 0.99943608045578 899 283 937 338
face 0.9994027614593506 496 30 525 69
face 0.9989129304885864 951 147 981 187
face 0.9986647367477417 336 180 367 219
face 0.9986555576324463 500 259 534 305
face 0.9985374212265015 72 166 106 214
face 0.9980972409248352 17 91 50 132
face 0.9978280663490295 442 159 476 203
face 0.9977685213088989 124 9 156 54
face 0.9977673292160034 802 27 833 68
face 0.9971089959144592 111 270 144 322
face 0.9969046711921692 128 93 157 132
face 0.9968870282173157 797 98 826 136
face 0.9963657855987549 692 49 721 90
face 0.996317982673645 778 212 810 253
face 0.9962579011917114 461 91 492 132
face 0.9959337115287781 728 61 759 103
face 0.9958755373954773 910 44 941 86
face 0.9956697225570679 717 139 747 173
face 0.9949079155921936 958 215 989 258
face 0.9946717619895935 566 10 595 48
face 0.9944058656692505 94 74 126 112
face 0.9941486120223999 850 274 878 312
face 0.9934747815132141 745 347 775 393
face 0.9931996464729309 317 272 353 324
face 0.9928010702133179 451 3 479 36
face 0.9922084212303162 683 11 713 49
face 0.992111086845398 602 78 631 116
face 0.9910576343536377 327 93 356 127
face 0.9910346865653992 656 132 688 175
face 0.990546464920044 46 140 75 188
face 0.9899799823760986 385 15 409 48
face 0.9873465895652771 194 1 223 36
face 0.9852550029754639 869 98 905 154
face 0.9851706624031067 633 21 662 60
face 0.9845780730247498 381 116 410 156
face 0.983863353729248 196 157 228 196
face 0.9814749956130981 964 95 986 134
face 0.9793667197227478 314 -2 343 30
face 0.9781991839408875 169 67 201 107
face 0.9648802280426025 433 70 456 108
face 0.9428461790084839 262 117 293 152
face 0.9048802256584167 661 96 693 139
face 0.8969825506210327 549 178 584 213
face 0.8446430563926697 548 49 572 84
face 0.8033284544944763 955 60 975 90
face 0.7885226011276245 416 32 436 62
face 0.7504633665084839 252 84 280 116
face 0.7231245040893555 61 309 83 340
face 0.6193796396255493 776 13 804 50
