face 0.9997956156730652 401 350 443 405
face 0.9996887445449829 681 170 724 224
face 0.9996767044067383 376 242 423 297
face 0.9996665716171265 300 202 345 253
face 0.9994661211967468 167 138 214 194
face 0.9994124174118042 290 304 334 358
face 0.9988548755645752 194 281 244 338
face 0.9987872242927551 496 242 540 301
face 0.9986206293106079 708 291 749 344
face 0.9986072182655334 509 339 558 399
face 0.9982388019561768 803 144 847 198
face 0.9979981780052185 567 178 609 229
face 0.9979708790779114 779 285 821 339
face 0.9977760910987854 612 254 656 312
face 0.9977191090583801 644 375 688 432
face 0.9970596432685852 462 120 504 176
