face 0.9999508857727051 729 453 814 557
face 0.9998263716697693 925 383 988 449
face 0.9998210072517395 481 426 549 516
face 0.9997103810310364 617 369 654 417
face 0.9997066855430603 542 347 573 388
face 0.9995146989822388 844 378 877 421
face 0.9993894100189209 427 361 460 403
face 0.9947047829627991 749 385 797 443
face 0.9791930913925171 68 330 90 357
face 0.9757402539253235 41 383 79 422
face 0.9711461663246155 167 336 188 364
face 0.960247278213501 734 360 764 399
face 0.9515847563743591 382 337 398 358
face 0.9510606527328491 339 409 390 476
face 0.9029476642608643 275 342 300 373
face 0.8956316709518433 320 347 340 372
face 0.783863365650177 249 331 266 353
face 0.7654752135276794 39 332 61 360
