face 0.99115389585495 290 268 309 290
face 0.9720696210861206 512 261 526 278
face 0.9607061147689819 690 251 703 267
face 0.9578883051872253 436 283 453 302
face 0.9550120234489441 498 157 512 175
face 0.9500525593757629 557 290 576 312
face 0.9484438300132751 472 181 487 198
face 0.938514232635498 651 245 664 262
face 0.9337913393974304 523 207 539 226
face 0.932913064956665 338 315 355 338
face 0.9123276472091675 57 83 74 104
face 0.9080134630203247 424 309 443 332
face 0.9043281674385071 318 242 333 261
face 0.8950915336608887 420 147 432 164
face 0.8904933929443359 331 54 345 72
face 0.8878713250160217 424 110 437 126
face 0.8848175406455994 87 89 105 111
face 0.8775412440299988 460 130 476 148
face 0.8751369714736938 609 238 622 255
face 0.8507529497146606 488 125 502 141
face 0.8380418419837952 630 229 642 244
face 0.8317683339118958 400 109 413 124
face 0.8316015005111694 525 64 537 79
face 0.8206360340118408 461 102 473 116
face 0.8125550746917725 883 225 896 241
face 0.802198052406311 602 221 614 236
face 0.7930048108100891 552 264 565 281
face 0.7892057299613953 514 33 527 48
face 0.7810850143432617 501 238 514 254
face 0.7677778005599976 459 229 476 248
face 0.7654775381088257 425 64 437 77
face 0.7553297877311707 793 170 804 184
face 0.7545816898345947 474 206 487 223
face 0.7532873749732971 305 219 320 237
face 0.7495967149734497 385 63 397 79
face 0.7454639077186584 925 235 936 250
face 0.7409627437591553 385 124 398 140
face 0.731605589389801 351 270 366 291
face 0.7172951698303223 304 300 320 325
face 0.7131903767585754 151 91 169 113
face 0.7121317982673645 580 250 593 266
face 0.6993686556816101 974 298 986 313
face 0.6890742778778076 369 227 385 246
face 0.6728453040122986 392 250 407 269
face 0.6685242056846619 23 387 42 408
face 0.6533276438713074 348 238 363 256
face 0.6289817094802856 291 74 304 91
face 0.6098215579986572 636 205 648 220
face 0.6089147329330444 960 280 972 294
face 0.6080326437950134 884 294 898 309
