face 0.9997324347496033 129 414 162 456
face 0.9991998076438904 168 453 201 497
face 0.9990542531013489 69 469 115 524
face 0.999004065990448 818 575 905 684
face 0.998914361000061 740 484 801 551
face 0.9988831877708435 386 538 451 619
face 0.998638927936554 7 479 53 537
face 0.9984601736068726 297 488 341 538
face 0.9983847141265869 903 508 956 574
face 0.998342752456665 208 432 239 472
face 0.9978660941123962 170 527 236 598
face 0.9971599578857422 585 458 626 503
face 0.9967308044433594 156 611 260 680
face 0.9959231615066528 266 453 298 494
face 0.9954564571380615 623 502 663 553
face 0.9950894713401794 741 444 771 478
face 0.994574248790741 877 465 915 506
face 0.9939938187599182 952 467 991 514
face 0.9928731918334961 929 417 962 459
face 0.9898091554641724 455 449 492 489
face 0.9871935248374939 200 475 235 523
face 0.9724245667457581 34 384 54 413
face 0.9653823375701904 614 416 633 442
face 0.954764187335968 891 392 909 414
face 0.9375178813934326 804 413 823 436
face 0.9364225268363953 259 420 286 450
face 0.9325224161148071 578 412 610 445
face 0.9259955883026123 982 405 1003 431
face 0.9234423041343689 822 442 851 474
face 0.921309232711792 167 424 197 457
face 0.9138753414154053 505 345 532 378
face 0.9061402678489685 851 384 869 406
face 0.902840793132782 213 402 235 430
face 0.8985110521316528 727 397 746 418
face 0.8858782649040222 312 440 339 471
face 0.8831741809844971 772 378 790 399
face 0.8702435493469238 655 420 679 447
face 0.8636913299560547 91 392 111 419
face 0.8584430813789368 433 446 459 482
face 0.8494780659675598 344 391 360 411
face 0.8411853313446045 434 381 449 398
face 0.8301447629928589 950 415 976 452
face 0.8270107507705688 421 428 443 454
face 0.7880749106407166 429 500 471 555
face 0.787571370601654 692 398 709 420
face 0.7585652470588684 50 408 76 440
face 0.74196457862854 658 398 677 418
face 0.7364984154701233 853 305 865 319
face 0.7029970288276672 627 378 641 396
face 0.6798727512359619 661 456 689 492
face 0.6672740578651428 935 340 951 359
face 0.6539342403411865 893 336 906 350
face 0.6510016322135925 310 413 332 437
face 0.6505705714225769 988 331 1001 347
face 0.6189095973968506 756 374 770 392
