face 0.9998364448547363 292 164 345 232
face 0.9996893405914307 411 209 472 292
face 0.998451828956604 530 168 568 213
face 0.9981833100318909 534 296 601 390
face 0.997634768486023 708 373 810 504
face 0.9972794651985168 176 215 212 262
face 0.9964633584022522 649 201 685 242
face 0.9932026863098145 213 188 256 242
face 0.9892001152038574 139 183 186 253
face 0.9420422315597534 959 273 992 315
face 0.9106001853942871 702 234 773 328
face 0.8831848502159119 360 172 409 240
face 0.8753965497016907 995 239 1020 270
face 0.8544246554374695 887 333 945 407
face 0.711842954158783 215 280 243 328
