face 0.9999756813049316 312 271 392 366
face 0.9999566078186035 574 319 643 403
face 0.9998912811279297 428 289 512 395
face 0.9998496770858765 0 204 73 302
face 0.9996175765991211 240 369 344 495
face 0.9995126724243164 586 189 629 240
face 0.9992527365684509 814 288 876 364
face 0.9979726672172546 963 294 1021 368
face 0.9978833794593811 680 254 735 323
face 0.9957026839256287 885 421 962 496
face 0.9939833283424377 745 266 797 325
face 0.9937804341316223 628 355 710 468
face 0.9898778796195984 504 212 557 275
face 0.9810352921485901 870 493 939 598
face 0.9790297746658325 429 225 488 289
face 0.9709478616714478 478 146 506 181
face 0.9499074220657349 714 459 812 579
face 0.9265735149383545 97 202 148 263
face 0.8892034292221069 480 109 497 132
face 0.876548707485199 128 81 155 116
face 0.8593921661376953 0 381 62 505
face 0.8285076022148132 195 112 218 141
face 0.7740617394447327 373 121 387 139
face 0.7345290780067444 510 150 528 177
face 0.721211850643158 512 285 566 369
face 0.7028912901878357 613 132 629 152
face 0.6871692538261414 550 110 568 137
face 0.6716960668563843 753 218 784 249
