face 0.9997238516807556 642 231 673 270
face 0.9995393753051758 841 273 882 321
face 0.9995392560958862 344 295 378 339
face 0.9995352029800415 513 246 549 293
face 0.9994572997093201 22 291 64 338
face 0.9994150400161743 446 227 479 269
face 0.9992784857749939 613 269 647 314
face 0.9990838766098022 357 229 388 266
face 0.9989878535270691 150 301 189 345
face 0.9984371066093445 70 307 107 352
face 0.9983862638473511 685 289 713 328
face 0.9979953765869141 413 281 449 322
face 0.9978066086769104 780 288 812 327
face 0.997554361820221 553 256 582 297
face 0.996675968170166 257 283 292 327
face 0.9954267740249634 714 308 742 349
face 0.9951370358467102 711 229 738 265
