face 0.9996059536933899 140 446 226 550
face 0.9983345866203308 295 444 344 507
face 0.9974850416183472 491 375 520 413
face 0.9948040843009949 411 390 441 426
face 0.9854297637939453 922 309 950 343
face 0.9625222682952881 363 386 391 420
face 0.9256303906440735 882 331 902 352
face 0.9122581481933594 807 402 824 427
face 0.856670618057251 85 450 107 475
face 0.8487149477005005 854 302 869 319
face 0.8306673169136047 895 295 914 316
face 0.7444783449172974 825 350 842 374
face 0.6560961604118347 790 333 807 355
face 0.6340948343276978 669 347 687 368
