face 0.9967281818389893 809 137 835 173
face 0.9962399005889893 423 417 460 467
face 0.9955775737762451 333 394 373 445
face 0.995471715927124 901 355 932 393
face 0.9949313998222351 860 454 899 501
face 0.9941555261611938 485 255 522 297
face 0.9928039908409119 965 532 1005 580
face 0.9924351572990417 249 168 276 202
face 0.9805613160133362 273 259 300 293
face 0.9795249700546265 643 302 677 345
face 0.9766148924827576 9 262 37 296
face 0.9727450609207153 694 448 733 502
face 0.9690502882003784 640 423 676 470
face 0.9678627848625183 624 385 655 429
face 0.9421847462654114 562 556 605 607
face 0.942002534866333 725 498 759 546
face 0.9388614892959595 962 205 995 242
face 0.9354124069213867 372 65 391 89
face 0.9303862452507019 304 563 345 621
face 0.9272850155830383 491 137 513 161
face 0.9251126646995544 982 318 1012 356
face 0.9181239008903503 322 130 341 154
face 0.8956079483032227 930 317 959 353
face 0.8883489370346069 780 155 799 178
face 0.8617399334907532 356 120 372 139
face 0.8510094881057739 569 213 591 244
face 0.8367863297462463 464 248 501 298
face 0.8315929174423218 976 266 1006 296
face 0.8205260634422302 548 143 575 177
face 0.7644462585449219 814 422 839 465
face 0.7582765221595764 344 488 385 537
face 0.757102906703949 350 177 369 205
face 0.7387457489967346 599 129 618 153
face 0.7225724458694458 169 245 193 281
face 0.6947509050369263 14 510 46 558
face 0.6855340003967285 394 112 410 131
face 0.684638261795044 398 371 423 407
face 0.6822347640991211 306 174 325 199
face 0.6778623461723328 791 531 835 584
face 0.673325777053833 627 141 645 162
face 0.6701388359069824 805 354 831 391
face 0.6533634662628174 671 240 691 263
face 0.6531175374984741 863 345 897 387
face 0.6330126523971558 537 116 555 141
face 0.620284378528595 468 83 484 106
