face 0.9803153276443481 570 53 593 79
face 0.9781664609909058 650 53 671 78
face 0.9672900438308716 364 65 385 89
face 0.965046763420105 438 64 458 89
face 0.9230432510375977 582 255 602 279
face 0.9148653149604797 729 51 750 76
face 0.888974130153656 369 253 389 278
face 0.8841993808746338 477 254 497 278
face 0.8009410500526428 755 145 768 160
face 0.7942686676979065 683 260 706 285
face 0.6739345192909241 251 265 269 287
face 0.665501058101654 610 2 638 23
face 0.6640141606330872 260 164 278 186
face 0.6588170528411865 214 61 231 82
face 0.6484468579292297 702 57 718 76
face 0.6460261344909668 776 0 800 18
face 0.6148595213890076 689 2 717 24
