face 0.9989681243896484 220 260 251 296
face 0.9984702467918396 109 237 137 273
face 0.9982548356056213 362 285 387 318
face 0.9982218146324158 873 286 897 318
face 0.9979912042617798 470 280 495 311
face 0.9968247413635254 663 273 690 306
face 0.9961045980453491 951 269 978 306
face 0.9949899315834045 562 303 583 332
face 0.9931146502494812 724 275 747 304
face 0.991119921207428 616 292 640 321
face 0.9910622835159302 321 290 345 320
face 0.9718165993690491 33 262 59 293
face 0.9694914221763611 795 288 818 320
face 0.9650541543960571 910 265 944 303
