face 0.9953202605247498 124 542 165 599
face 0.9810587763786316 38 525 67 563
face 0.9788233637809753 127 483 147 509
face 0.9699198603630066 210 507 231 545
face 0.9654263854026794 882 506 901 535
face 0.962498128414154 313 494 336 528
face 0.9617428779602051 292 500 312 528
face 0.9587228298187256 76 501 97 531
face 0.8974500298500061 538 514 555 541
face 0.8830538392066956 490 189 505 210
face 0.8817464113235474 978 487 1000 516
face 0.8753971457481384 524 172 541 198
face 0.8268141746520996 256 427 274 451
face 0.8254907131195068 444 184 460 206
face 0.706213653087616 632 201 649 226
face 0.689734935760498 451 543 471 572
