face 0.9986509680747986 663 218 703 273
face 0.9984824061393738 160 201 187 234
face 0.9981417655944824 578 213 611 250
face 0.9978634715080261 364 225 395 266
face 0.9974080920219421 885 210 914 249
face 0.9973860383033752 758 203 787 247
face 0.9964808821678162 955 212 987 255
face 0.9959115982055664 498 223 536 263
face 0.9953248500823975 940 182 969 221
face 0.9922876358032227 199 189 224 221
face 0.9895732998847961 793 242 845 303
face 0.9791176319122314 419 190 443 222
face 0.9783999919891357 546 184 567 209
face 0.9781634211540222 63 206 87 234
face 0.9741562008857727 846 188 871 220
face 0.972628653049469 133 222 156 253
face 0.9578576683998108 306 201 330 231
face 0.9127064943313599 465 191 486 215
face 0.8620364665985107 722 186 753 221
face 0.7883169054985046 394 196 416 219
face 0.6651911735534668 233 216 257 243
face 0.6447030305862427 643 199 672 244
