face 0.9953269958496094 221 231 256 279
face 0.9791517853736877 51 224 70 245
face 0.9721851944923401 753 120 779 152
face 0.9511966705322266 244 169 260 188
face 0.9472951292991638 368 232 389 257
face 0.9338207244873047 12 169 29 190
face 0.9280739426612854 710 157 743 195
face 0.8962280750274658 464 177 481 199
face 0.8883457183837891 404 163 420 183
face 0.8620719313621521 511 166 525 187
face 0.8579078912734985 353 169 367 185
face 0.8565794825553894 185 179 201 199
face 0.8550122380256653 425 164 441 184
face 0.8515559434890747 913 130 951 166
face 0.8012495636940002 109 186 126 204
face 0.7987796068191528 332 179 345 196
face 0.7973353862762451 373 175 387 191
face 0.7555776834487915 297 176 313 195
face 0.735678493976593 527 167 544 191
face 0.6336573362350464 461 156 475 173
