face 188 328 204 343 difficult
face 216 294 233 313
face 244 335 259 351
face 285 296 300 316
face 306 314 322 333
face 343 281 359 297 difficult
face 255 258 271 274 difficult
face 228 223 243 241
face 292 232 305 248
face 319 262 334 277 difficult
face 354 233 366 246 difficult
face 374 267 390 280
face 401 220 416 234 difficult
face 401 290 418 309
face 367 309 382 329
face 434 313 450 334
face 438 263 451 278
face 482 180 495 192
face 554 168 570 184 difficult
face 529 226 545 241
face 468 236 482 251
face 602 207 617 225
face 670 212 686 228 difficult
face 643 251 659 268
face 570 270 585 287
face 508 257 523 275
face 490 311 504 330
face 470 311 484 329
face 540 295 556 311 difficult
face 555 313 572 333
face 613 322 627 343 difficult
face 606 305 622 323 difficult
face 677 285 692 303 difficult
face 701 255 718 273
face 728 320 744 336
face 668 322 683 343 difficult
face 775 258 791 274
face 747 275 761 292
face 737 233 751 248
face 843 252 861 274
face 808 284 824 300 difficult
face 784 320 801 340
face 835 327 853 343 difficult
face 864 302 878 320
face 208 423 223 440
face 281 421 297 442 difficult
face 335 414 351 434
face 404 412 420 433
face 471 404 487 426
face 526 418 540 437
face 582 416 597 436
face 646 412 661 433
face 703 421 718 439 difficult
face 760 422 775 442
