face 1.0 69 477 108 517
face 1.0 809 297 848 337
face 1.0 505 411 552 459
face 1.0 765 501 804 541
face 1.0 109 425 148 465
face 1.0 273 365 312 405
face 1.0 281 293 320 333
face 1.0 21 321 60 361
face 1.0 249 473 288 513
face 1.0 161 289 200 329
face 1.0 753 333 792 373
face 1.0 692 488 740 536
face 1.0 249 405 288 445
face 1.0 461 329 500 369
face 1.0 165 385 204 425
face 1.0 389 349 428 389
face 1.0 145 509 184 549
face 1.0 347 440 394 487
face 1.0 669 437 708 477
face 1.0 53 545 92 585
face 0.9993256330490112 149 345 188 385
face 0.9914536476135254 289 469 328 509
face 0.988538384437561 49 305 88 345
face 0.9765809774398804 629 473 668 513
face 0.9087929725646973 693 337 732 377
face 0.8323873281478882 985 477 1024 517
face 0.8097296953201294 981 237 1020 277
face 0.7619495391845703 409 429 448 469
face 0.7097506523132324 221 309 260 349
face 0.7002162933349609 45 429 84 469
face 0.6559960246086121 753 273 792 313
face 0.5820472836494446 133 313 172 353
face 0.4518284797668457 89 377 128 417
face 0.4296960234642029 253 261 292 301
face 0.36382943391799927 625 293 664 333
face 0.35195618867874146 177 437 216 477
face 0.3086225390434265 953 509 992 549
face 0.2755834460258484 853 289 892 329
face 0.17241525650024414 169 501 208 541
face 0.1591569483280182 201 257 240 297
