face 1.0 644 66 692 113
face 1.0 353 47 410 104
face 1.0 581 29 620 69
face 1.0 318 232 375 289
face 1.0 591 99 639 147
face 1.0 566 215 623 271
face 1.0 666 264 734 332
face 1.0 438 75 485 123
face 1.0 434 238 490 294
face 1.0 848 94 905 150
face 1.0 514 82 571 139
face 1.0 215 243 272 300
face 1.0 99 291 167 360
face 1.0 687 153 755 221
face 1.0 297 13 336 53
face 1.0 135 8 183 56
face 0.9825947284698486 486 3 533 51
face 0.9220387935638428 702 80 749 128
face 0.466891884803772 220 65 277 122
