face 1.0 253 113 292 153
face 1.0 145 229 184 269
face 1.0 921 317 960 357
face 1.0 857 153 896 193
face 0.9754550457000732 577 253 616 293
face 0.9565343856811523 697 205 736 245
face 0.9564273357391357 81 301 120 341
face 0.8885965347290039 781 125 820 165
face 0.8370459079742432 317 457 356 497
face 0.4975230097770691 697 161 736 201
face 0.4819713830947876 453 477 492 517
face 0.4155905842781067 781 453 820 493
face 0.39804744720458984 485 261 524 301
face 0.3580271005630493 181 305 220 345
face 0.2249583899974823 253 317 292 357
face 0.1823539137840271 261 233 300 273
face 0.04468071460723877 717 449 756 489
