face 1.0 587 278 634 325
face 1.0 473 273 512 313
face 1.0 385 245 424 285
face 1.0 385 309 424 349
face 1.0 177 261 216 301
face 1.0 805 257 844 297
face 1.0 297 257 336 297
face 1.0 237 277 276 317
face 1.0 321 217 360 257
face 1.0 729 269 768 309
face 1.0 545 281 584 321
face 1.0 641 277 680 317
face 1.0 505 225 544 265
face 1.0 689 217 728 257
face 1.0 421 225 460 265
face 1.0 601 217 640 257
face 0.999907374382019 633 149 672 189
face 0.985929012298584 645 201 684 241
face 0.9247760772705078 293 181 332 221
face 0.7927865982055664 829 193 868 233
face 0.47830694913864136 561 181 600 221
face 0.4694945812225342 709 145 748 185
face 0.03828427195549011 437 149 476 189
