face 1.0 465 121 504 161
face 1.0 649 221 688 261
face 1.0 129 109 168 149
face 1.0 537 225 576 265
face 1.0 301 301 340 341
face 1.0 177 297 216 337
face 1.0 277 117 316 157
face 1.0 765 281 804 321
face 1.0 417 225 456 265
face 0.9660065174102783 925 133 964 173
face 0.9358383417129517 345 125 384 165
face 0.7934883832931519 637 113 676 153
face 0.6159281134605408 869 281 908 321
face 0.2054002285003662 401 101 440 141
face 0.18111547827720642 797 117 836 157
face 0.09980475902557373 69 141 108 181
face 0.08684253692626953 833 169 872 209
