face 1.0 20 177 68 225
face 1.0 133 173 172 213
face 1.0 641 209 680 249
face 1.0 753 205 792 245
face 1.0 865 201 904 241
face 1.0 425 193 464 233
face 1.0 649 81 688 121
face 1.0 93 101 132 141
face 1.0 325 89 364 129
face 1.0 261 105 300 145
face 1.0 485 73 524 113
face 1.0 949 209 988 249
face 1.0 405 73 444 113
face 1.0 541 189 580 229
face 1.0 877 113 916 153
face 1.0 793 93 832 133
face 0.9153969287872314 241 197 280 237
face 0.8889453411102295 185 97 224 137
face 0.8755089044570923 621 49 660 89
face 0.8626751899719238 333 205 372 245
face 0.8296699523925781 573 77 612 117
face 0.5704066753387451 721 101 760 141
