face 1.0 126 128 173 176
face 1.0 389 205 428 245
face 1.0 203 104 250 152
face 1.0 697 85 744 132
face 1.0 241 258 288 305
face 1.0 255 152 303 200
face 0.99601149559021 69 25 108 65
face 0.9841455221176147 105 73 144 113
face 0.9483351707458496 165 37 204 77
face 0.9301151037216187 899 114 946 161
face 0.924878716468811 457 233 496 273
face 0.885716438293457 606 99 653 147
face 0.8372255563735962 177 205 216 245
face 0.821855902671814 510 253 557 300
face 0.7693358659744263 301 133 340 173
face 0.6884015202522278 509 61 548 101
face 0.3025527596473694 549 113 588 153
face 0.1381281316280365 783 80 831 128
