face 1.0 717 373 756 413
face 1.0 545 297 584 337
face 1.0 229 177 268 217
face 1.0 185 385 224 425
face 1.0 833 197 872 237
face 1.0 161 201 200 241
face 1.0 429 237 468 277
face 1.0 633 313 672 353
face 1.0 297 205 336 245
face 1.0 693 193 732 233
face 1.0 753 201 792 241
face 1.0 73 212 120 259
face 1.0 297 325 336 365
face 1.0 385 317 424 357
face 1.0 637 213 676 253
face 1.0 469 377 508 417
face 1.0 585 205 624 245
face 0.9351004362106323 405 201 444 241
face 0.8827662467956543 505 205 544 245
face 0.6606158018112183 461 197 500 237
