face 1.0 477 117 516 157
face 1.0 889 229 928 269
face 1.0 185 105 224 145
face 1.0 73 229 112 269
face 1.0 729 221 768 261
face 1.0 325 245 364 285
face 1.0 865 169 904 209
face 1.0 625 229 664 269
face 1.0 425 153 464 193
face 1.0 421 249 460 289
face 1.0 149 245 188 285
face 1.0 529 237 568 277
face 1.0 841 113 880 153
face 0.9864414930343628 529 165 568 205
face 0.8253681659698486 237 233 276 273
face 0.35058629512786865 757 153 796 193
face 0.31422287225723267 289 169 328 209
face 0.2869001626968384 149 185 188 225
face 0.020304352045059204 377 113 416 153
