face 1.0 635 158 692 215
face 1.0 19 227 76 284
face 1.0 396 320 465 388
face 1.0 327 149 375 196
face 1.0 631 319 749 437
face 1.0 756 60 813 117
face 1.0 507 328 605 426
face 1.0 241 157 280 197
face 1.0 251 251 319 319
face 1.0 89 125 128 165
face 1.0 189 237 257 305
face 1.0 5 133 44 173
face 0.9666087627410889 140 238 197 295
face 0.9505150318145752 294 158 341 206
face 0.8169630765914917 260 57 308 105
face 0.8051763772964478 465 168 534 236
face 0.7690664529800415 710 71 767 128
face 0.27055442333221436 577 1 616 41
face 0.22785162925720215 663 81 711 129
