face 1.0 889 513 928 553
face 1.0 249 509 288 549
face 1.0 759 465 807 513
face 1.0 389 537 428 577
face 1.0 49 313 88 353
face 1.0 37 421 76 461
face 1.0 188 436 236 484
face 1.0 510 528 557 575
face 1.0 131 552 178 599
face 1.0 361 413 400 453
face 1.0 325 485 364 525
face 1.0 853 425 892 465
face 1.0 45 521 84 561
face 1.0 5 369 44 409
face 1.0 961 421 1000 461
face 1.0 457 457 496 497
face 1.0 639 480 687 527
face 1.0 153 369 192 409
face 1.0 921 349 960 389
face 1.0 545 433 584 473
face 1.0 285 317 324 357
face 1.0 937 489 976 529
face 1.0 701 425 740 465
face 1.0 249 385 288 425
face 1.0 865 373 904 413
face 1.0 489 401 528 441
face 0.9469689130783081 177 309 216 349
face 0.7960652112960815 63 460 111 508
face 0.7249879240989685 633 321 672 361
face 0.5803600549697876 817 325 856 365
face 0.5658335089683533 625 437 664 477
face 0.286393404006958 757 361 796 401
