face 1.0 129 393 168 433
face 1.0 349 237 388 277
face 1.0 837 253 876 293
face 1.0 165 181 204 221
face 1.0 645 361 684 401
face 1.0 529 177 568 217
face 1.0 693 193 732 233
face 1.0 209 237 248 277
face 1.0 477 209 516 249
face 0.9945031404495239 273 221 312 261
face 0.9625189304351807 785 189 824 229
face 0.9227553606033325 773 269 812 309
face 0.5673530101776123 389 185 428 225
face 0.4621410369873047 737 249 776 289
face 0.26500338315963745 381 309 420 349
face 0.18697267770767212 233 337 272 377
face 0.17861777544021606 673 257 712 297
face 0.17095434665679932 377 225 416 265
