face 1.0 273 33 312 73
face 1.0 313 164 360 212
face 1.0 145 231 192 279
face 1.0 313 332 370 389
face 1.0 755 289 802 336
face 1.0 179 442 226 490
face 1.0 750 488 832 570
face 1.0 889 318 936 365
face 1.0 2 372 71 440
face 1.0 174 313 221 360
face 1.0 491 174 538 221
face 1.0 462 332 519 389
face 1.0 611 406 679 475
face 1.0 647 130 704 187
face 1.0 716 332 773 389
face 1.0 342 284 389 331
face 1.0 49 140 96 188
face 0.9667586088180542 606 322 653 370
face 0.7398686408996582 793 54 840 101
face 0.2888421416282654 534 169 581 216
face 0.0009771734476089478 249 181 288 221
