face 1.0 174 235 221 282
face 1.0 357 265 396 305
face 1.0 745 233 784 273
face 1.0 409 360 456 407
face 1.0 125 321 164 361
face 1.0 428 264 476 311
face 1.0 123 246 179 303
face 1.0 501 281 540 321
face 1.0 669 257 708 297
face 1.0 620 273 668 321
face 1.0 237 301 276 341
face 1.0 241 561 288 609
face 1.0 207 494 255 542
face 1.0 273 333 312 373
face 1.0 601 433 640 473
face 1.0 697 501 736 541
face 1.0 927 240 975 287
face 1.0 729 361 768 401
face 0.21122166514396667 345 317 384 357
face 0.15369006991386414 773 265 812 305
