face 1.0 357 277 396 317
face 1.0 213 309 252 349
face 1.0 637 241 676 281
face 1.0 860 313 908 360
face 1.0 749 229 788 269
face 1.0 561 273 600 313
face 1.0 97 270 144 317
face 1.0 189 225 228 265
face 1.0 305 253 344 293
face 1.0 657 141 696 181
face 1.0 683 274 730 322
face 1.0 433 157 472 197
face 1.0 797 289 836 329
face 1.0 301 145 340 185
face 1.0 273 293 312 333
face 1.0 105 493 144 533
face 1.0 141 273 180 313
face 0.9813950061798096 357 221 396 261
face 0.980634331703186 605 213 644 253
face 0.9620959758758545 165 493 204 533
face 0.6866568326950073 505 201 544 241
face 0.510653555393219 231 486 279 533
face 0.477104127407074 567 486 615 533
face 0.4399127960205078 421 269 460 309
face 0.4083746671676636 277 213 316 253
face 0.3932953476905823 750 346 797 394
face 0.381855845451355 582 342 629 389
face 0.040389686822891235 709 185 748 225
