face 1.0 249 237 288 277
face 1.0 275 525 322 573
face 1.0 137 553 176 593
face 1.0 569 489 608 529
face 1.0 889 233 928 273
face 1.0 493 221 532 261
face 1.0 809 225 848 265
face 1.0 181 253 220 293
face 1.0 49 277 88 317
face 1.0 125 237 164 277
face 1.0 701 205 740 245
face 1.0 313 269 352 309
face 0.9930868148803711 -3 545 36 585
face 0.9876890182495117 649 213 688 253
face 0.9775140285491943 389 237 428 277
face 0.8502311706542969 973 245 1012 285
face 0.7485934495925903 457 509 496 549
face 0.7119607925415039 773 213 812 253
face 0.43747323751449585 453 249 492 289
face 0.1559542715549469 749 253 788 293
