face 1.0 909 453 948 493
face 1.0 821 497 860 537
face 0.9669737815856934 956 483 1004 531
face 0.9439013004302979 452 512 500 560
face 0.8610390424728394 709 325 748 365
face 0.8093947172164917 659 498 706 545
face 0.639450192451477 565 345 604 385
face 0.5953778624534607 913 533 952 573
face 0.4535484313964844 461 209 500 249
face 0.4498853087425232 39 450 87 497
face 0.3890870213508606 129 445 168 485
face 0.330313503742218 817 565 864 612
face 0.2994675636291504 509 437 548 477
face 0.14942112565040588 49 382 96 430
