face 1.0 153 160 271 278
face 1.0 636 210 735 308
face 1.0 882 106 964 188
face 1.0 285 131 367 213
face 1.0 537 110 635 209
face 1.0 251 26 319 94
face 1.0 94 4 151 60
face 1.0 404 1 452 48
face 0.9677609205245972 756 -2 813 55
face 0.9152818918228149 935 -1 1004 67
face 0.9046746492385864 493 -26 574 56
face 0.7940007448196411 324 21 381 78
face 0.7890373468399048 824 15 906 97
face 0.7575180530548096 151 21 208 78
face 0.5081321001052856 20 140 102 221
face 0.44926023483276367 700 -22 769 46
