face 1.0 624 168 693 236
face 1.0 728 313 796 381
face 1.0 414 115 461 162
face 1.0 210 265 278 333
face 1.0 244 465 326 547
face 1.0 742 507 810 575
face 1.0 318 338 375 395
face 1.0 493 223 561 291
face 1.0 645 272 713 340
face 1.0 912 223 969 280
face 1.0 480 477 537 533
face 1.0 117 206 174 263
face 1.0 388 488 444 545
face 1.0 44 306 112 374
face 1.0 380 283 428 330
face 1.0 889 96 946 153
face 1.0 217 197 264 244
face 0.9830513000488281 51 562 119 630
face 0.9671968221664429 555 354 624 423
