face 1.0 889 352 936 400
face 1.0 107 266 154 313
face 1.0 664 416 721 473
face 1.0 697 324 744 371
face 1.0 776 573 845 641
face 1.0 375 338 423 385
face 1.0 749 177 788 217
face 1.0 399 271 447 318
face 1.0 149 261 188 301
face 1.0 486 247 533 294
face 1.0 601 161 640 201
face 1.0 230 552 299 621
face 1.0 265 428 333 496
face 1.0 270 324 317 371
face 1.0 1 338 48 385
face 1.0 57 209 96 249
face 1.0 81 237 120 277
face 0.9913134574890137 265 271 312 318
face 0.969422459602356 438 381 485 429
face 0.9677460193634033 307 330 364 387
face 0.9484603404998779 808 476 890 558
face 0.8959892988204956 203 289 260 346
face 0.8902990818023682 341 504 409 572
face 0.7773138284683228 25 221 64 261
face 0.7770094871520996 653 125 692 165
face 0.6354902982711792 873 317 912 357
face 0.6107853055000305 468 445 525 502
face 0.5951807498931885 320 421 389 489
face 0.5917428731918335 437 153 476 193
face 0.5669777393341064 841 209 888 256
face 0.4603068232536316 -4 405 53 461
face 0.3905673623085022 873 149 912 189
face 0.37806570529937744 233 173 272 213
face 0.2869248390197754 469 177 508 217
face 0.23822540044784546 233 229 272 269
face 0.05464008450508118 913 193 952 233
