face 1.0 797 488 865 556
face 1.0 153 265 192 305
face 1.0 423 302 471 349
face 1.0 596 417 644 465
face 1.0 197 402 254 459
face 1.0 99 467 167 535
face 1.0 301 277 340 317
face 0.9155042171478271 500 297 548 345
face 0.8919435739517212 533 257 572 297
face 0.8814308643341064 87 292 135 340
face 0.861132025718689 601 327 658 384
face 0.8438677787780762 664 327 721 384
face 0.7421672344207764 935 402 992 459
face 0.4104744791984558 493 515 561 583
face 0.362796425819397 323 465 370 513
face 0.32297050952911377 750 422 797 469
face 0.21275588870048523 477 209 516 249
face 0.08877983689308167 500 364 548 412
face 0.031516045331954956 211 498 292 580
