face 1.0 601 21 640 61
face 1.0 705 53 744 93
face 1.0 595 155 652 212
face 1.0 366 180 413 227
face 1.0 438 194 485 242
face 1.0 956 50 1004 98
face 1.0 313 98 360 146
face 1.0 145 77 184 117
face 1.0 519 170 567 218
face 1.0 471 21 519 69
face 1.0 249 236 306 293
face 1.0 445 262 513 330
face 1.0 241 55 288 102
face 1.0 817 237 864 285
face 1.0 -3 21 36 61
face 1.0 932 165 980 213
face 0.9994542598724365 843 265 899 322
face 0.8552577495574951 -9 170 39 218
face 0.06912142038345337 803 -7 850 40
