face 1.0 865 313 963 412
face 1.0 877 151 934 208
face 1.0 497 215 554 271
face 1.0 583 500 701 618
face 1.0 -21 393 78 491
face 1.0 161 391 243 473
face 1.0 387 313 486 412
face 1.0 858 560 976 678
face 1.0 273 584 391 702
face 1.0 217 272 285 340
face 0.8721597194671631 617 391 699 473
face 0.840579628944397 68 221 116 268
face 0.6384634375572205 197 226 254 283
face 0.5390346646308899 109 522 207 621
face 0.4297999143600464 555 292 624 361
face 0.10474476218223572 809 137 848 177
face 0.05951860547065735 174 158 221 206
