face 1.0 495 155 543 202
face 1.0 17 173 56 213
face 1.0 445 69 484 109
face 1.0 678 207 725 255
face 1.0 855 179 903 226
face 1.0 87 63 135 111
face 1.0 341 264 398 321
face 1.0 572 121 620 168
face 1.0 809 85 848 125
face 1.0 140 287 197 344
face 1.0 721 6 768 53
face 1.0 209 258 266 315
face 0.9176508188247681 457 218 514 275
face 0.9136550426483154 313 207 360 255
face 0.8397634029388428 361 404 408 451
face 0.7013890147209167 299 150 346 197
face 0.6728492379188538 681 69 720 109
face 0.3103424906730652 793 233 832 273
face 0.18418586254119873 179 203 226 250
