face 1.0 605 253 644 293
face 1.0 477 33 516 73
face 1.0 357 261 396 301
face 1.0 565 237 604 277
face 1.0 165 169 204 209
face 1.0 471 283 519 330
face 1.0 203 245 250 292
face 1.0 404 245 452 292
face 0.7337890863418579 221 1 260 41
face 0.722249448299408 951 278 999 325
face 0.7124398350715637 293 509 361 577
face 0.4343176484107971 209 133 248 173
face 0.4036700129508972 918 268 965 316
face 0.20704206824302673 889 253 928 293
face 0.17942848801612854 107 297 154 345
face 0.12405627965927124 841 89 880 129
face 0.03367799520492554 293 261 332 301
