face 1.0 29 511 127 609
face 1.0 961 285 1008 333
face 1.0 157 304 214 361
face 1.0 445 315 502 372
face 1.0 246 242 293 289
face 1.0 585 169 624 209
face 1.0 265 392 333 460
face 1.0 641 321 698 378
face 1.0 833 173 872 213
face 1.0 303 304 351 352
face 1.0 42 240 99 297
face 1.0 764 276 812 323
face 1.0 776 447 845 515
face 1.0 697 253 736 293
face 1.0 937 197 976 237
face 1.0 865 241 904 281
face 1.0 85 149 124 189
face 1.0 141 157 180 197
face 1.0 155 237 202 285
face 1.0 333 181 372 221
face 1.0 521 237 560 277
face 1.0 317 225 356 265
face 0.9144781827926636 615 266 663 313
face 0.8089709281921387 -7 173 32 213
face 0.35788965225219727 309 121 348 161
face 0.16215646266937256 567 568 649 650
