face 1.0 952 585 1009 642
face 0.9844855070114136 416 27 473 83
face 0.9835494756698608 526 725 608 807
face 0.8329429626464844 803 256 850 304
face 0.7097458243370056 822 482 869 530
face 0.7046780586242676 151 810 208 867
face 0.6332671642303467 658 482 715 538
face 0.632971465587616 722 366 778 423
face 0.5756904482841492 300 259 368 327
face 0.5354848504066467 779 614 836 671
face 0.40472644567489624 894 712 951 769
face 0.3488019108772278 937 256 984 304
face 0.286207377910614 385 386 432 433
face 0.2621755003929138 295 856 352 913
face 0.008129358291625977 111 44 168 101
