face 1.0 685 125 724 165
face 1.0 369 233 408 273
face 1.0 385 121 424 161
face 1.0 485 129 524 169
face 1.0 297 133 336 173
face 1.0 97 113 136 153
face 1.0 821 237 860 277
face 1.0 181 233 220 273
face 1.0 585 125 624 165
face 1.0 789 125 828 165
face 1.0 669 253 708 293
face 1.0 549 281 588 321
face 1.0 197 125 236 165
face 1.0 485 265 524 305
face 1.0 817 57 856 97
face 1.0 749 65 788 105
face 1.0 889 129 928 169
face 1.0 665 73 704 113
face 0.9837238788604736 481 61 520 101
face 0.7684409618377686 401 77 440 117
face 0.6510358452796936 309 69 348 109
face 0.4556877613067627 573 73 612 113
