face 1.0 308 78 356 125
face 1.0 102 284 149 331
face 1.0 97 157 136 197
face 1.0 429 89 468 129
face 1.0 185 93 224 133
face 1.0 836 63 884 111
face 1.0 213 145 252 185
face 1.0 474 139 531 196
face 1.0 745 109 784 149
face 1.0 131 409 178 456
face 1.0 351 155 399 202
face 1.0 659 284 706 331
face 1.0 515 284 562 331
face 1.0 803 279 850 327
face 1.0 866 110 922 167
face 1.0 549 73 588 113
face 1.0 750 381 807 438
face 1.0 519 394 567 442
face 1.0 615 135 663 183
face 1.0 318 404 375 461
face 1.0 683 49 730 96
face 1.0 380 298 428 346
face 1.0 246 279 293 327
