face 1.0 825 117 864 157
face 1.0 277 253 316 293
face 1.0 393 249 432 289
face 1.0 414 62 461 110
face 1.0 185 85 224 125
face 1.0 169 240 226 297
face 1.0 685 33 724 73
face 1.0 297 73 336 113
face 1.0 595 217 652 274
face 1.0 395 129 442 177
face 1.0 246 129 293 177
face 1.0 341 85 380 125
face 1.0 529 65 568 105
face 1.0 613 85 652 125
face 1.0 745 113 784 153
face 1.0 705 289 744 329
face 1.0 669 109 708 149
face 1.0 537 241 576 281
face 1.0 801 21 840 61
face 1.0 909 141 948 181
face 1.0 905 49 944 89
face 1.0 476 105 524 153
face 1.0 774 245 821 292
face 1.0 129 125 168 165
face 1.0 885 105 924 145
face 1.0 757 41 796 81
