face 1.0 589 225 628 265
face 1.0 669 209 708 249
face 1.0 145 230 192 277
face 1.0 385 230 432 277
face 1.0 927 336 975 383
face 1.0 729 345 768 385
face 1.0 222 192 269 239
face 1.0 457 163 504 210
face 1.0 534 259 581 306
face 1.0 365 297 404 337
face 1.0 89 177 128 217
face 1.0 453 253 492 293
face 1.0 630 283 677 330
face 1.0 270 235 317 282
face 1.0 821 329 860 369
face 1.0 918 168 965 215
face 1.0 759 173 807 220
face 1.0 63 249 111 297
face 0.9696284532546997 197 149 236 189
face 0.9513170719146729 321 137 360 177
face 0.7214200496673584 417 133 456 173
face 0.13888481259346008 606 120 653 167
face 0.0026254504919052124 44 125 92 172
