face 1.0 197 225 236 265
face 1.0 469 113 508 153
face 1.0 429 197 468 237
face 0.9538165330886841 97 93 136 133
face 0.950786828994751 609 193 648 233
face 0.9265744686126709 525 101 564 141
face 0.8895704746246338 405 81 444 121
face 0.7579342126846313 273 77 312 117
face 0.7546356916427612 93 185 132 225
face 0.7085482478141785 245 205 284 245
face 0.5392457246780396 669 53 708 93
face 0.4729732275009155 349 205 388 245
face 0.4098300337791443 193 117 232 157
face 0.27596187591552734 605 69 644 109
