face 1.0 897 293 936 333
face 1.0 107 276 154 323
face 1.0 261 165 300 205
face 1.0 437 165 476 205
face 1.0 649 189 688 229
face 1.0 69 173 108 213
face 1.0 497 261 536 301
face 1.0 773 213 812 253
face 1.0 317 281 356 321
face 1.0 737 353 776 393
face 1.0 857 121 896 161
face 0.8610900640487671 709 137 748 177
face 0.8504854440689087 353 53 392 93
face 0.5415506958961487 685 49 724 89
face 0.5168975591659546 649 133 688 173
face 0.3073027729988098 257 113 296 153
face 0.2977333664894104 945 149 984 189
face 0.21675840020179749 377 113 416 153
face 0.09828540682792664 949 217 988 257
