face 1.0 947 466 994 514
face 1.0 621 509 660 549
face 1.0 894 510 951 567
face 1.0 121 417 160 457
face 1.0 581 457 620 497
face 1.0 9 489 48 529
face 1.0 805 588 904 687
face 1.0 59 476 106 524
face 1.0 728 482 796 551
face 1.0 289 490 336 538
face 1.0 877 465 916 505
face 1.0 453 453 492 493
face 1.0 261 453 300 493
face 1.0 161 531 230 599
face 0.9833338260650635 201 433 240 473
face 0.9812947511672974 925 421 964 461
face 0.9745883941650391 161 457 200 497
face 0.9432969093322754 197 481 236 521
