face 1.0 777 289 816 329
face 1.0 841 277 880 317
face 1.0 609 273 648 313
face 0.9991763830184937 509 249 548 289
face 0.9894025325775146 15 291 63 339
face 0.9593700170516968 69 313 108 353
face 0.9506176710128784 341 297 380 337
face 0.8976153135299683 409 281 448 321
face 0.8521186113357544 677 289 716 329
face 0.7850642204284668 253 285 292 325
face 0.616326630115509 441 229 480 269
face 0.42524904012680054 637 233 676 273
face 0.3965666890144348 145 296 192 343
face 0.09566110372543335 353 225 392 265
