face 1.0 323 399 370 447
face 1.0 793 357 832 397
face 1.0 630 423 677 471
face 1.0 893 353 932 393
face 1.0 687 453 744 510
face 1.0 481 257 520 297
face 1.0 97 346 144 394
face 1.0 261 257 300 297
face 1.0 613 393 652 433
face 0.9558178186416626 1 261 40 301
face 0.936863899230957 613 285 652 325
face 0.9023805856704712 637 305 676 345
face 0.8913661241531372 973 321 1012 361
face 0.8540587425231934 349 233 388 273
face 0.8275513648986816 157 249 196 289
face 0.7888568639755249 957 205 996 245
face 0.7734600305557251 555 556 611 613
face 0.7706413269042969 290 568 346 625
face 0.7018486261367798 721 500 768 548
face 0.6549931168556213 851 452 898 499
face 0.5874813795089722 801 137 840 177
face 0.1932487189769745 241 165 280 205
