face 0.99632429301856 789 286 832 329
face 0.9962084618869522 693 290 736 334
face 0.9961344077866784 544 84 588 127
face 0.9915018056104088 493 126 529 162
face 0.9856279583990158 21 204 64 247
face 0.9849462006142988 410 84 453 127
face 0.9754132242159214 175 286 218 329
face 0.9704099976847167 285 285 337 337
face 0.9631356407316357 969 158 1005 194
face 0.9501925321502122 885 324 928 367
face 0.9110633892176788 943 209 986 252
face 0.8601596432733289 857 158 893 194
face 0.8502069947747671 49 122 85 158
face 0.8416812654472137 649 150 685 186
face 0.8416506609861572 237 194 280 238
