face 0.9791347836210877 325 218 361 254
face 0.9697079451173147 612 382 655 425
face 0.9614831735519122 141 314 177 350
face 0.9603703409377432 681 266 717 302
face 0.9490606911086698 338 396 381 439
face 0.9466508883999528 732 406 775 449
face 0.9251571014881178 405 306 441 342
face 0.8958257123296269 841 334 877 370
face 0.8943636932905686 449 242 485 278
face 0.8863061620098871 729 330 765 366
face 0.8773280266328276 463 372 515 424
face 0.8655151928579943 561 274 597 310
face 0.8520862111045121 281 318 317 354
