face 0.997239080179947 424 194 467 238
face 0.9971806697015678 409 78 445 114
face 0.985817001464121 540 190 583 233
face 0.9856388508220195 265 110 301 146
face 0.9802605687784238 866 204 909 247
face 0.9634434169188353 953 210 989 246
face 0.9616212548805044 653 82 689 118
face 0.9519058334263661 489 78 525 114
face 0.9462038742005842 26 185 69 228
face 0.9267447509313008 329 94 365 130
face 0.9181909623868245 189 102 225 138
face 0.9015684737505973 621 54 657 90
face 0.8942988870550223 645 214 681 250
face 0.8901655825602689 881 118 917 154
face 0.8537388967650463 721 102 757 138
face 0.8433293519355849 132 175 175 218
face 0.8415043378441085 797 98 833 134
