face 0.9856775083877936 469 382 505 418
face 0.9812587533955531 433 242 469 278
face 0.9767422796046936 160 204 204 247
face 0.9718683656165682 712 377 756 420
face 0.9673142721171 633 318 669 354
face 0.9555215433647543 751 199 794 242
face 0.9462414970509895 545 302 581 338
face 0.9441156383013648 297 330 333 366
face 0.928096291532154 545 198 581 234
face 0.9257888687241295 181 383 233 435
face 0.9255457815983642 589 214 625 250
face 0.9195979325728793 78 216 129 268
face 0.9154126650855419 697 198 733 234
face 0.9133545188854721 837 198 873 234
face 0.8971852559830282 301 206 337 242
face 0.8863415950110958 461 202 497 238
face 0.868289468413878 385 322 421 358
face 0.8613105552690894 229 182 265 218
