face 0.9759866794090603 425 254 461 290
face 0.9748945324950107 153 250 189 286
face 0.9717763883851513 329 250 365 286
face 0.9580151188512245 629 234 665 270
face 0.9391970791780877 841 118 877 154
face 0.9331736287033118 865 174 901 210
face 0.9285944873204459 77 238 113 274
face 0.9104450851799195 893 234 929 270
face 0.9075061386352496 477 122 513 158
face 0.8978463524380598 733 222 769 258
face 0.89776116268945 189 106 225 142
face 0.894438219755642 761 158 797 194
face 0.8684487001909968 533 242 569 278
face 0.8575002007101845 424 156 467 199
face 0.8534804942017739 289 170 325 206
