face 0.9973753239139935 181 266 217 302
face 0.9970799442258813 237 282 273 318
face 0.9918278106972337 645 282 681 318
face 0.9916917256675691 645 210 681 246
face 0.9884583185273408 693 222 729 258
face 0.981758755883657 545 286 581 322
face 0.9779109286584947 393 186 429 222
face 0.972639184754276 477 278 513 314
face 0.967109403593715 729 190 765 226
face 0.9660271879373481 633 158 669 194
face 0.9592368846506686 549 138 585 174
face 0.9577360675088544 584 285 636 337
face 0.9559795476107311 441 154 477 190
face 0.9546920817915633 469 126 505 162
face 0.9403673693872061 293 186 329 222
face 0.9393049092461031 833 198 869 234
face 0.931395858930089 425 230 461 266
face 0.9293782333115972 561 186 597 222
face 0.916469087191051 325 226 361 262
face 0.9139889785688737 601 226 637 262
face 0.9127444169385748 389 246 425 282
face 0.910878882022514 237 182 273 218
face 0.9039094162509593 509 230 545 266
face 0.8781669800198693 713 150 749 186
face 0.8763511337728751 333 158 369 194
face 0.8628170741505179 729 274 765 310
