face 0.9943614825813941 53 318 89 354
face 0.988874296621329 253 386 289 422
face 0.9885559829286164 489 406 525 442
face 0.9838835268776287 9 374 45 410
face 0.974916953876034 645 482 688 526
face 0.9713256792679126 325 490 361 526
face 0.9710282821180003 245 504 296 556
face 0.9699255453165032 289 322 325 358
face 0.9687816602310793 545 438 581 474
face 0.9663647429100232 510 527 561 579
face 0.9630802452899193 194 444 237 487
face 0.9613475038837769 136 559 180 602
face 0.9582095062993629 765 473 808 516
face 0.9502112874047455 921 354 957 390
face 0.9416993120286097 45 526 88 569
face 0.9382522192541018 705 430 741 466
face 0.9317097379148976 37 426 73 462
face 0.9252355182661182 857 426 893 462
face 0.9192354089349652 761 362 797 398
face 0.9190189830690865 386 535 429 578
face 0.9125622932503938 865 378 901 414
face 0.8970740236054698 365 418 401 454
face 0.8563672834192261 821 330 857 366
face 0.8527610248862425 181 314 217 350
face 0.8506838495427655 461 462 497 498
