face 0.9958517485406493 429 262 481 314
face 0.9940427546152221 626 276 669 319
face 0.9923007715712432 501 286 544 329
face 0.9873838190711022 118 320 170 372
face 0.9786822378173334 669 262 712 305
face 0.9777876129236365 268 331 319 383
face 0.920804566418838 129 251 181 303
face 0.8834852068413199 237 306 273 342
face 0.8777815885461673 415 367 458 410
face 0.8765947060339203 184 242 228 286
face 0.8559998002097211 727 362 770 406
face 0.8536647238321808 928 242 971 286
face 0.8462065803918999 213 497 256 540
