face 0.9959823599655039 713 146 749 182
face 0.9936484921966825 333 138 369 174
face 0.990655137849158 108 108 151 151
face 0.9901731742906483 861 214 904 257
face 0.9874997441719797 641 314 677 350
face 0.9874234594146495 241 130 277 166
face 0.9773461115071322 617 130 653 166
face 0.9763829237578415 629 178 665 214
face 0.9736039251960554 309 175 352 218
face 0.9678509366759185 413 146 449 182
face 0.9674882425469701 237 223 280 266
face 0.9614507671880534 449 174 485 210
face 0.950276293885157 833 158 869 194
face 0.9365866746531598 189 170 232 214
face 0.9332632758300624 537 174 573 210
face 0.9274032469490112 439 247 482 290
face 0.9119247974941336 557 314 593 350
face 0.9045181989664417 629 390 665 426
face 0.8746162336417391 756 190 799 233
face 0.8553356919581141 509 138 545 174
