face 0.9968886826559968 515 384 577 446
face 0.9957713045883863 544 67 596 118
face 0.9937927216290301 377 297 429 349
face 0.9911177467921242 245 285 296 337
face 0.9825092299983058 319 406 371 458
face 0.9812922176441463 95 153 147 205
face 0.9755604013736004 682 49 734 101
face 0.9710752452712181 740 107 792 159
face 0.9705686665780364 515 285 567 337
face 0.9659053530723981 751 383 803 435
face 0.965162161380565 803 274 855 326
face 0.9380464460371799 861 108 923 170
face 0.9282367695146854 129 412 181 464
face 0.9166659161119646 308 78 360 130
face 0.901331596891183 481 141 533 193
face 0.8986476722035008 213 146 256 190
face 0.890854135894277 184 89 228 132
face 0.8655015622102472 619 136 671 188
