face 0.998387232345004 369 238 405 274
face 0.9978591888024859 585 130 621 166
face 0.9920410532303604 201 130 237 166
face 0.9917436353876183 477 262 520 305
face 0.984543897807096 97 118 133 154
face 0.9785616226598415 689 130 725 166
face 0.969407026402814 674 252 717 295
face 0.9667008554313218 789 126 825 162
face 0.9450712068372711 665 74 701 110
face 0.9433595525563353 489 130 525 166
face 0.9233104610381476 405 78 441 114
face 0.9224885002627227 313 74 349 110
face 0.918606310903253 185 234 221 270
face 0.9122947667664691 553 282 589 318
face 0.9096743822155826 821 62 857 98
face 0.9045966434339947 753 70 789 106
face 0.8894005270324188 825 238 861 274
face 0.8714289555837178 389 126 425 162
face 0.8694894194545175 301 134 337 170
