face 0.9772879444517291 673 490 709 526
face 0.9672828230580388 729 502 765 538
face 0.952705855549724 313 294 349 330
face 0.9483990576832092 541 382 577 418
face 0.9386958607393464 601 490 637 526
face 0.9355510147193532 181 314 217 350
face 0.9344685847115637 669 394 705 430
face 0.9331008547153977 517 482 553 518
face 0.9291694659391759 121 302 157 338
face 0.8947031940637462 757 414 793 450
face 0.8887613796544531 917 362 953 398
face 0.8866899055524047 601 398 637 434
face 0.8761351293777924 381 486 417 522
face 0.8714688321676961 449 478 485 514
face 0.8455641605162374 253 282 289 318
