face 0.9956053948248775 693 74 729 110
face 0.9882050732234164 607 70 650 113
face 0.9821209652305185 809 234 861 285
face 0.9806276755163045 421 82 457 118
face 0.9768348115197736 296 257 348 308
face 0.9754916876172475 333 132 376 175
face 0.9730942433709886 631 151 674 194
face 0.9726435721986947 337 54 373 90
face 0.9697437412561398 900 142 943 185
face 0.9665817990272647 780 142 823 185
face 0.9663893767560431 793 66 829 102
face 0.9536700219877287 671 239 723 291
face 0.9372304729650999 517 78 553 114
face 0.9368687370079876 208 146 252 190
face 0.9308521448606439 435 251 487 303
face 0.9238047145729729 559 252 602 295
face 0.9143826650485858 491 190 535 233
face 0.9141481703344942 218 55 261 98
face 0.8979677562470567 164 245 216 297
face 0.8487753132024072 89 153 141 205
