face 0.9915940510945449 746 113 789 156
face 0.9883000905877126 612 84 655 127
face 0.9864535694992556 295 70 338 113
face 0.9846708953320138 703 290 746 334
face 0.9829595723933032 400 132 443 175
face 0.9768896768149942 596 222 648 274
face 0.9758465858673139 805 26 841 62
face 0.9727634882180793 275 252 319 295
face 0.9712148460877441 345 90 381 126
face 0.968119429178286 665 107 717 159
face 0.9629213410179194 124 118 175 170
face 0.9615181857081291 421 70 457 106
face 0.9521309164009717 529 70 565 106
face 0.9502474485801709 905 50 941 86
face 0.9498384145609347 175 251 227 303
face 0.9402140764789648 775 245 826 297
face 0.9387136275017353 482 113 525 156
face 0.9301390986303699 395 247 439 290
face 0.9244726632017748 885 110 921 146
face 0.8859570113565458 252 137 295 180
face 0.8786079168808056 533 234 584 285
