face 0.9951455467714324 924 337 976 389
face 0.9820310086662449 268 239 319 291
face 0.9766742113990543 723 343 775 395
face 0.9748037812623275 453 257 496 300
face 0.9602206480377075 669 209 712 252
face 0.950163873753863 631 290 674 334
face 0.9437395417808715 540 266 583 310
face 0.9340554630791181 360 297 412 349
face 0.9297752888668339 141 228 193 280
face 0.9284422406471968 391 233 434 276
face 0.9154870139191897 584 222 636 274
face 0.8967064946165392 228 199 271 242
face 0.8679030979488047 60 251 112 303
face 0.8595591593829548 815 326 867 378
