face 0.9682922985505029 277 82 313 118
face 0.9652752088657932 249 210 285 246
face 0.9641211173232235 201 230 237 266
face 0.9438114354018838 349 210 385 246
face 0.9335531253703125 673 58 709 94
face 0.9101531085800991 609 202 645 238
face 0.9020823847054167 725 66 761 102
face 0.8895831982223356 525 106 561 142
face 0.8797930255214126 433 198 469 234
face 0.8770332776591447 405 86 441 122
face 0.8743857058079914 469 118 505 154
face 0.8730493816862676 101 102 137 138
face 0.8621873601146656 805 54 841 90
