face 0.9823435236773665 681 226 717 262
face 0.9534916311216506 569 234 605 270
face 0.9517426570919233 341 222 377 258
face 0.9482440909696394 473 218 509 254
face 0.9034275241800944 837 406 873 442
face 0.8942721438735135 209 234 245 270
face 0.8910432129468253 789 222 825 258
face 0.8841141132061251 541 102 577 138
face 0.876739393340562 709 126 745 162
face 0.8615927702866233 593 118 629 154
face 0.8604057453568483 245 114 281 150
face 0.8527083846035994 98 391 141 434
face 0.8422098908496907 293 122 329 158
