face 0.9859045475207143 463 132 506 175
face 0.9579184431144956 290 314 333 358
face 0.9535241379961923 612 266 655 310
face 0.9445833000109027 371 251 423 303
face 0.9424770470541484 708 300 751 343
face 0.9271080252176335 642 383 694 435
face 0.9205113618510627 296 205 348 257
face 0.9184007041229312 679 180 722 223
face 0.9156884548710693 394 360 446 412
face 0.9124772304414079 492 251 544 303
face 0.9074086699959575 780 295 823 338
face 0.8966585108978578 164 141 216 193
face 0.890008583397105 510 349 561 401
face 0.8794642049120673 568 190 612 233
